#            eV         sigma            Ry            om        Ry/z^2           in 10^-16
    4.56381300  0.00000000E+00    0.335435  0.00000000E+00    0.000000
    4.63952589  0.71907476E+00    0.341000  0.15800001E+00    0.341000
    4.77558279  0.82174411E+00    0.351000  0.18990000E+00    0.351000
    4.91163874  0.10005740E+01    0.361000  0.24259999E+00    0.361000
    5.04769516  0.12406049E+01    0.371000  0.31490001E+00    0.371000
    5.18375206  0.15245397E+01    0.381000  0.40430000E+00    0.381000
    5.31980848  0.18364793E+01    0.391000  0.50790000E+00    0.391000
    5.45586491  0.21546996E+01    0.401000  0.62040001E+00    0.401000
    5.59192133  0.24738070E+01    0.411000  0.74040002E+00    0.411000
    5.72797775  0.27859791E+01    0.421000  0.86549997E+00    0.421000
    5.86403418  0.30857398E+01    0.431000  0.99370003E+00    0.431000
    6.00009108  0.33713583E+01    0.441000  0.11240000E+01    0.441000
    6.13614750  0.36372732E+01    0.451000  0.12539999E+01    0.451000
    6.27220392  0.38749815E+01    0.461000  0.13800000E+01    0.461000
    6.40825987  0.40898214E+01    0.471000  0.15030000E+01    0.471000
    6.54431677  0.42812114E+01    0.481000  0.16220000E+01    0.481000
    6.68037319  0.44486388E+01    0.491000  0.17359999E+01    0.491000
    6.81642962  0.45866684E+01    0.501000  0.18420000E+01    0.501000
    6.95248604  0.47025701E+01    0.511000  0.19420000E+01    0.511000
    7.08854294  0.47934081E+01    0.521000  0.20339999E+01    0.521000
    7.22459936  0.48634414E+01    0.531000  0.21190000E+01    0.531000
    7.36065578  0.49120191E+01    0.541000  0.21960001E+01    0.541000
    7.49671221  0.49429180E+01    0.551000  0.22660000E+01    0.551000
    7.63276863  0.49552934E+01    0.561000  0.23280001E+01    0.561000
    7.76882458  0.49504576E+01    0.571000  0.23820000E+01    0.571000
    7.90488100  0.49336636E+01    0.581000  0.24300001E+01    0.581000
    8.04093838  0.49037345E+01    0.591000  0.24710000E+01    0.591000
    8.17699432  0.48673637E+01    0.601000  0.25079999E+01    0.601000
    8.31305122  0.48268669E+01    0.611000  0.25420001E+01    0.611000
    8.44910717  0.47787875E+01    0.621000  0.25710001E+01    0.621000
    8.58516407  0.47272364E+01    0.631000  0.25969999E+01    0.631000
    8.72122002  0.46724256E+01    0.641000  0.26199999E+01    0.641000
    8.85727692  0.46145489E+01    0.651000  0.26400001E+01    0.651000
    8.99333382  0.45554995E+01    0.661000  0.26580000E+01    0.661000
    9.12938976  0.44970258E+01    0.671000  0.26750000E+01    0.671000
    9.26544666  0.44357962E+01    0.681000  0.26889999E+01    0.681000
    9.40150261  0.43752014E+01    0.691000  0.27019999E+01    0.691000
    9.53755856  0.43136172E+01    0.701000  0.27130001E+01    0.701000
    9.67361641  0.42510951E+01    0.711000  0.27219999E+01    0.711000
    9.80967236  0.41892205E+01    0.721000  0.27300000E+01    0.721000
    9.94572926  0.41264508E+01    0.731000  0.27360001E+01    0.731000
   10.08178520  0.40643141E+01    0.741000  0.27409999E+01    0.741000
   10.21784115  0.40027792E+01    0.751000  0.27449999E+01    0.751000
   10.35389805  0.39418166E+01    0.761000  0.27479999E+01    0.761000
   10.48995495  0.38799871E+01    0.771000  0.27490001E+01    0.771000
   10.62601089  0.38228886E+01    0.781000  0.27520001E+01    0.781000
   10.76206779  0.37648301E+01    0.791000  0.27530000E+01    0.791000
   10.89812374  0.37072025E+01    0.801000  0.27530000E+01    0.801000
   11.03418064  0.36513125E+01    0.811000  0.27530000E+01    0.811000
   11.17023659  0.35957762E+01    0.821000  0.27520001E+01    0.821000
   11.30629349  0.35418650E+01    0.831000  0.27509999E+01    0.831000
   11.44235039  0.34882403E+01    0.841000  0.27490001E+01    0.841000
   11.57840633  0.34361404E+01    0.851000  0.27470000E+01    0.851000
   11.71446323  0.33867350E+01    0.861000  0.27460001E+01    0.861000
   11.85051918  0.33374791E+01    0.871000  0.27440000E+01    0.871000
   11.98657608  0.32895670E+01    0.881000  0.27420001E+01    0.881000
   12.12263203  0.32417602E+01    0.891000  0.27390001E+01    0.891000
   12.25868893  0.31963902E+01    0.901000  0.27370000E+01    0.901000
   12.39474583  0.31510568E+01    0.911000  0.27340000E+01    0.911000
   12.53080177  0.31080337E+01    0.921000  0.27320001E+01    0.921000
   12.66685867  0.30661088E+01    0.931000  0.27300000E+01    0.931000
   12.80291462  0.30241320E+01    0.941000  0.27270000E+01    0.941000
   12.93897057  0.29842954E+01    0.951000  0.27249999E+01    0.951000
   13.07502842  0.29454384E+01    0.961000  0.27230000E+01    0.961000
   13.21108437  0.29075254E+01    0.971000  0.27210000E+01    0.971000
   13.34714127  0.28705225E+01    0.981000  0.27190001E+01    0.981000
   13.48319721  0.28343970E+01    0.991000  0.27170000E+01    0.991000
   13.61925411  0.28001491E+01    1.001000  0.27160001E+01    1.001000
   13.75531101  0.27656756E+01    1.011000  0.27140000E+01    1.011000
   13.89136696  0.27329992E+01    1.021000  0.27130001E+01    1.021000
   14.02742290  0.27000665E+01    1.031000  0.27110000E+01    1.031000
   14.16347980  0.26688561E+01    1.041000  0.27100000E+01    1.041000
   14.29953575  0.26383368E+01    1.051000  0.27090001E+01    1.051000
   14.43559265  0.26084855E+01    1.061000  0.27079999E+01    1.061000
   14.57164860  0.25792811E+01    1.071000  0.27070000E+01    1.071000
   14.70770550  0.25516451E+01    1.081000  0.27070000E+01    1.081000
   14.84376144  0.25236624E+01    1.091000  0.27060001E+01    1.091000
   14.97981739  0.24971896E+01    1.101000  0.27060001E+01    1.101000
   15.11587429  0.24703530E+01    1.111000  0.27049999E+01    1.111000
   15.25193214  0.24449716E+01    1.121000  0.27049999E+01    1.121000
   15.38798809  0.24201067E+01    1.131000  0.27049999E+01    1.131000
   15.52404499  0.23957425E+01    1.141000  0.27049999E+01    1.141000
   15.66010094  0.23718640E+01    1.151000  0.27049999E+01    1.151000
   15.79615784  0.23484567E+01    1.161000  0.27049999E+01    1.161000
   15.93221378  0.23263668E+01    1.171000  0.27060001E+01    1.171000
   16.06826973  0.23038529E+01    1.181000  0.27060001E+01    1.181000
   16.20432663  0.22817706E+01    1.191000  0.27060001E+01    1.191000
   16.34038353  0.22609428E+01    1.201000  0.27070000E+01    1.201000
   16.47643852  0.22405067E+01    1.211000  0.27079999E+01    1.211000
   16.61249542  0.22196319E+01    1.221000  0.27079999E+01    1.221000
   16.74855232  0.21999546E+01    1.231000  0.27090001E+01    1.231000
   16.88460922  0.21806369E+01    1.241000  0.27100000E+01    1.241000
   17.02066612  0.21608723E+01    1.251000  0.27100000E+01    1.251000
   17.15672302  0.21422529E+01    1.261000  0.27110000E+01    1.261000
   17.29277992  0.21239650E+01    1.271000  0.27119999E+01    1.271000
   17.42883492  0.21060000E+01    1.281000  0.27130001E+01    1.281000
   17.56489182  0.20883491E+01    1.291000  0.27140000E+01    1.291000
   17.70094872  0.20710043E+01    1.301000  0.27149999E+01    1.301000
   17.83700371  0.20539579E+01    1.311000  0.27160001E+01    1.311000
   17.97306061  0.20372019E+01    1.321000  0.27170000E+01    1.321000
   18.10911751  0.20207291E+01    1.331000  0.27179999E+01    1.331000
   18.24517441  0.20045325E+01    1.341000  0.27190001E+01    1.341000
   18.38122940  0.19886050E+01    1.351000  0.27200000E+01    1.351000
   18.51728630  0.19736651E+01    1.361000  0.27219999E+01    1.361000
   18.65334511  0.19582503E+01    1.371000  0.27230000E+01    1.371000
   18.78940010  0.19430854E+01    1.381000  0.27240000E+01    1.381000
   18.92545700  0.19281646E+01    1.391000  0.27249999E+01    1.391000
   19.06151390  0.19134820E+01    1.401000  0.27260001E+01    1.401000
   19.19756889  0.18990316E+01    1.411000  0.27270000E+01    1.411000
   19.33362579  0.18854993E+01    1.421000  0.27290001E+01    1.421000
   19.46968269  0.18714923E+01    1.431000  0.27300000E+01    1.431000
   19.60573769  0.18577018E+01    1.441000  0.27309999E+01    1.441000
   19.74179459  0.18441231E+01    1.451000  0.27320001E+01    1.451000
   19.87785149  0.18307511E+01    1.461000  0.27330000E+01    1.461000
   20.01390839  0.18175812E+01    1.471000  0.27340000E+01    1.471000
   20.14996338  0.18046088E+01    1.481000  0.27349999E+01    1.481000
   20.28602219  0.17924844E+01    1.491000  0.27370000E+01    1.491000
   20.42207909  0.17798892E+01    1.501000  0.27379999E+01    1.501000
   20.55813408  0.17674789E+01    1.511000  0.27390001E+01    1.511000
   20.69419098  0.17552491E+01    1.521000  0.27400000E+01    1.521000
   20.83024788  0.17431962E+01    1.531000  0.27409999E+01    1.531000
   20.96630287  0.17313165E+01    1.541000  0.27420001E+01    1.541000
   21.10235977  0.17196059E+01    1.551000  0.27430000E+01    1.551000
   21.23841667  0.17080611E+01    1.561000  0.27440000E+01    1.561000
   21.37447357  0.16966785E+01    1.571000  0.27449999E+01    1.571000
   21.51052856  0.16854548E+01    1.581000  0.27460001E+01    1.581000
   21.64658546  0.16743866E+01    1.591000  0.27470000E+01    1.591000
   21.78264236  0.16634706E+01    1.601000  0.27479999E+01    1.601000
   21.91869736  0.16527040E+01    1.611000  0.27490001E+01    1.611000
   22.05475616  0.16420833E+01    1.621000  0.27500000E+01    1.621000
   22.19081306  0.16316059E+01    1.631000  0.27509999E+01    1.631000
   22.32686806  0.16212690E+01    1.641000  0.27520001E+01    1.641000
   22.46292496  0.16110694E+01    1.651000  0.27530000E+01    1.651000
   22.59898186  0.16010047E+01    1.661000  0.27539999E+01    1.661000
   22.73503876  0.15904946E+01    1.671000  0.27539999E+01    1.671000
   22.87109375  0.15806955E+01    1.681000  0.27550001E+01    1.681000
   23.00715065  0.15710232E+01    1.691000  0.27560000E+01    1.691000
   23.14320755  0.15614754E+01    1.701000  0.27570000E+01    1.701000
   23.27926254  0.15520498E+01    1.711000  0.27579999E+01    1.711000
   23.41531944  0.15421849E+01    1.721000  0.27579999E+01    1.721000
   23.55137634  0.15330003E+01    1.731000  0.27590001E+01    1.731000
   23.68743324  0.15239308E+01    1.741000  0.27600000E+01    1.741000
   23.82349014  0.15144259E+01    1.751000  0.27600000E+01    1.751000
   23.95954704  0.15055840E+01    1.761000  0.27609999E+01    1.761000
   24.09560394  0.14968513E+01    1.771000  0.27620001E+01    1.771000
   24.23165894  0.14876867E+01    1.781000  0.27620001E+01    1.781000
   24.36771584  0.14791690E+01    1.791000  0.27630000E+01    1.791000
   24.50377274  0.14707543E+01    1.801000  0.27639999E+01    1.801000
   24.63982773  0.14619120E+01    1.811000  0.27639999E+01    1.811000
   24.77588463  0.14537011E+01    1.821000  0.27650001E+01    1.821000
   24.91194153  0.14450651E+01    1.831000  0.27650001E+01    1.831000
   25.04799843  0.14370506E+01    1.841000  0.27660000E+01    1.841000
   25.18405342  0.14286138E+01    1.851000  0.27660000E+01    1.851000
   25.32011032  0.14207889E+01    1.861000  0.27670000E+01    1.861000
   25.45616913  0.14125442E+01    1.871000  0.27670000E+01    1.871000
   25.59222412  0.14049023E+01    1.881000  0.27679999E+01    1.881000
   25.72828102  0.13968434E+01    1.891000  0.27679999E+01    1.891000
   25.86433792  0.13893784E+01    1.901000  0.27690001E+01    1.901000
   26.00039291  0.13814990E+01    1.911000  0.27690001E+01    1.911000
   26.13644981  0.13737084E+01    1.921000  0.27690001E+01    1.921000
   26.27250671  0.13664986E+01    1.931000  0.27700000E+01    1.931000
   26.40856171  0.13588785E+01    1.941000  0.27700000E+01    1.941000
   26.54461861  0.13518309E+01    1.951000  0.27709999E+01    1.951000
   26.68067551  0.13443758E+01    1.961000  0.27709999E+01    1.961000
   26.81673241  0.13370025E+01    1.971000  0.27709999E+01    1.971000
   26.95278740  0.13297096E+01    1.981000  0.27709999E+01    1.981000
   27.08884621  0.13229732E+01    1.991000  0.27720001E+01    1.991000
   27.22490120  0.13158348E+01    2.001000  0.27720001E+01    2.001000
   27.36095619  0.13087730E+01    2.011000  0.27720001E+01    2.011000
   27.49701309  0.13017865E+01    2.021000  0.27720001E+01    2.021000
   27.63306999  0.12953414E+01    2.031000  0.27730000E+01    2.031000
   27.76912689  0.12884997E+01    2.041000  0.27730000E+01    2.041000
   27.90518570  0.12817297E+01    2.051000  0.27730000E+01    2.051000
   28.04124260  0.12750307E+01    2.061000  0.27730000E+01    2.061000
   28.17729759  0.12684013E+01    2.071000  0.27730000E+01    2.071000
   28.31335449  0.12618405E+01    2.081000  0.27730000E+01    2.081000
   28.44941139  0.12557999E+01    2.091000  0.27739999E+01    2.091000
   28.58546829  0.12493708E+01    2.101000  0.27739999E+01    2.101000
   28.72152328  0.12430072E+01    2.111000  0.27739999E+01    2.111000
   28.85758018  0.12367081E+01    2.121000  0.27739999E+01    2.121000
   28.99363708  0.12304725E+01    2.131000  0.27739999E+01    2.131000
   29.12969208  0.12242994E+01    2.141000  0.27739999E+01    2.141000
   29.26574898  0.12181880E+01    2.151000  0.27739999E+01    2.151000
   29.40180588  0.12121374E+01    2.161000  0.27739999E+01    2.161000
   29.53786278  0.12061465E+01    2.171000  0.27739999E+01    2.171000
   29.67391777  0.12002145E+01    2.181000  0.27739999E+01    2.181000
   29.80997467  0.11943406E+01    2.191000  0.27739999E+01    2.191000
   29.94603157  0.11885240E+01    2.201000  0.27739999E+01    2.201000
   30.08208656  0.11827637E+01    2.211000  0.27739999E+01    2.211000
   30.21814346  0.11770589E+01    2.221000  0.27739999E+01    2.221000
   30.35420036  0.11714090E+01    2.231000  0.27739999E+01    2.231000
   30.49025726  0.11658130E+01    2.241000  0.27739999E+01    2.241000
   30.62631226  0.11602702E+01    2.251000  0.27739999E+01    2.251000
   30.76236916  0.11547799E+01    2.261000  0.27739999E+01    2.261000
   30.89842606  0.11493413E+01    2.271000  0.27739999E+01    2.271000
   31.03448105  0.11439537E+01    2.281000  0.27739999E+01    2.281000
   31.17053795  0.11386164E+01    2.291000  0.27739999E+01    2.291000
   31.30659866  0.11333285E+01    2.301000  0.27739999E+01    2.301000
   31.44265366  0.11280896E+01    2.311000  0.27739999E+01    2.311000
   31.57871056  0.11228989E+01    2.321000  0.27739999E+01    2.321000
   31.71476746  0.11173529E+01    2.331000  0.27730000E+01    2.331000
   31.85082245  0.11122585E+01    2.341000  0.27730000E+01    2.341000
   31.98687935  0.11072104E+01    2.351000  0.27730000E+01    2.351000
   32.12293625  0.11022079E+01    2.361000  0.27730000E+01    2.361000
   32.25899124  0.10972504E+01    2.371000  0.27730000E+01    2.371000
   32.39505005  0.10923372E+01    2.381000  0.27730000E+01    2.381000
   32.53110504  0.10874679E+01    2.391000  0.27730000E+01    2.391000
   32.66716003  0.10822514E+01    2.401000  0.27720001E+01    2.401000
   32.80321884  0.10774697E+01    2.411000  0.27720001E+01    2.411000
   32.93927383  0.10727300E+01    2.421000  0.27720001E+01    2.421000
   33.07532883  0.10680319E+01    2.431000  0.27720001E+01    2.431000
   33.21138763  0.10633747E+01    2.441000  0.27720001E+01    2.441000
   33.34744263  0.10583760E+01    2.451000  0.27709999E+01    2.451000
   33.48349762  0.10538008E+01    2.461000  0.27709999E+01    2.461000
   33.61955643  0.10492650E+01    2.471000  0.27709999E+01    2.471000
   33.75561142  0.10447681E+01    2.481000  0.27709999E+01    2.481000
   33.89167023  0.10403096E+01    2.491000  0.27709999E+01    2.491000
   34.02772522  0.10355151E+01    2.501000  0.27700000E+01    2.501000
   34.16378021  0.10311335E+01    2.511000  0.27700000E+01    2.511000
   34.29983902  0.10267888E+01    2.521000  0.27700000E+01    2.521000
   34.43589401  0.10224805E+01    2.531000  0.27700000E+01    2.531000
   34.57194901  0.10178407E+01    2.541000  0.27690001E+01    2.541000
   34.70801163  0.10136054E+01    2.551000  0.27690001E+01    2.551000
   34.84406662  0.10094054E+01    2.561000  0.27690001E+01    2.561000
   34.98012161  0.10052400E+01    2.571000  0.27690001E+01    2.571000
   35.11618042  0.10007472E+01    2.581000  0.27679999E+01    2.581000
   35.25223541  0.99665131E+00    2.591000  0.27679999E+01    2.591000
   35.38829041  0.99258883E+00    2.601000  0.27679999E+01    2.601000
   35.52434921  0.98820221E+00    2.611000  0.27670000E+01    2.611000
   35.66040421  0.98420674E+00    2.621000  0.27670000E+01    2.621000
   35.79645920  0.98024345E+00    2.631000  0.27670000E+01    2.631000
   35.93251801  0.97631194E+00    2.641000  0.27670000E+01    2.641000
   36.06857300  0.97206045E+00    2.651000  0.27660000E+01    2.651000
   36.20462799  0.96819279E+00    2.661000  0.27660000E+01    2.661000
   36.34068680  0.96435578E+00    2.671000  0.27660000E+01    2.671000
   36.47674179  0.96020183E+00    2.681000  0.27650001E+01    2.681000
   36.61279678  0.95642642E+00    2.691000  0.27650001E+01    2.691000
   36.74885559  0.95268058E+00    2.701000  0.27650001E+01    2.701000
   36.88491058  0.94862071E+00    2.711000  0.27639999E+01    2.711000
   37.02096939  0.94493432E+00    2.721000  0.27639999E+01    2.721000
   37.15702438  0.94127647E+00    2.731000  0.27639999E+01    2.731000
   37.29307938  0.93730762E+00    2.741000  0.27630000E+01    2.741000
   37.42913818  0.93370716E+00    2.751000  0.27630000E+01    2.751000
   37.56519318  0.93013427E+00    2.761000  0.27630000E+01    2.761000
   37.70124817  0.92625328E+00    2.771000  0.27620001E+01    2.771000
   37.83730698  0.92273582E+00    2.781000  0.27620001E+01    2.781000
   37.97336197  0.91924498E+00    2.791000  0.27620001E+01    2.791000
   38.10942078  0.91544875E+00    2.801000  0.27609999E+01    2.801000
   38.24547958  0.91201148E+00    2.811000  0.27609999E+01    2.811000
   38.38153458  0.90859993E+00    2.821000  0.27609999E+01    2.821000
   38.51758957  0.90488598E+00    2.831000  0.27600000E+01    2.831000
   38.65364838  0.90152622E+00    2.841000  0.27600000E+01    2.841000
   38.78970337  0.89819131E+00    2.851000  0.27600000E+01    2.851000
   38.92575836  0.89455678E+00    2.861000  0.27590001E+01    2.861000
   39.06181717  0.89127196E+00    2.871000  0.27590001E+01    2.871000
   39.19787216  0.88801118E+00    2.881000  0.27590001E+01    2.881000
   39.33392715  0.88445343E+00    2.891000  0.27579999E+01    2.891000
   39.46998596  0.88124109E+00    2.901000  0.27579999E+01    2.901000
   39.60604095  0.87805201E+00    2.911000  0.27579999E+01    2.911000
   39.74209976  0.87456873E+00    2.921000  0.27570000E+01    2.921000
   39.87815475  0.87142654E+00    2.931000  0.27570000E+01    2.931000
   40.01420975  0.86830684E+00    2.941000  0.27570000E+01    2.941000
   40.15026855  0.86489560E+00    2.951000  0.27560000E+01    2.951000
   40.28632355  0.86182129E+00    2.961000  0.27560000E+01    2.961000
   40.42237854  0.85845719E+00    2.971000  0.27550001E+01    2.971000
   40.55843735  0.85542731E+00    2.981000  0.27550001E+01    2.981000
   40.69449234  0.85241875E+00    2.991000  0.27550001E+01    2.991000
   40.83054733  0.84912289E+00    3.001000  0.27539999E+01    3.001000
   40.96660614  0.84615736E+00    3.011000  0.27539999E+01    3.011000
   41.10266113  0.84321247E+00    3.021000  0.27539999E+01    3.021000
   41.23871613  0.83998291E+00    3.031000  0.27530000E+01    3.031000
   41.37477493  0.83707971E+00    3.041000  0.27530000E+01    3.041000
   41.51083374  0.83389346E+00    3.051000  0.27520001E+01    3.051000
   41.64688873  0.83103110E+00    3.061000  0.27520001E+01    3.061000
   41.78294754  0.82818832E+00    3.071000  0.27520001E+01    3.071000
   41.91900253  0.82506496E+00    3.081000  0.27509999E+01    3.081000
   42.05505753  0.82226176E+00    3.091000  0.27509999E+01    3.091000
   42.19111633  0.81947756E+00    3.101000  0.27509999E+01    3.101000
   42.32717133  0.81641528E+00    3.111000  0.27500000E+01    3.111000
   42.46323013  0.81366947E+00    3.121000  0.27500000E+01    3.121000
   42.59928513  0.81064719E+00    3.131000  0.27490001E+01    3.131000
   42.73534012  0.80793899E+00    3.141000  0.27490001E+01    3.141000
   42.87139893  0.80524882E+00    3.151000  0.27490001E+01    3.151000
   43.00745392  0.80228451E+00    3.161000  0.27479999E+01    3.161000
   43.14350891  0.79963084E+00    3.171000  0.27479999E+01    3.171000
   43.27956772  0.79699467E+00    3.181000  0.27479999E+01    3.181000
   43.41562271  0.79408678E+00    3.191000  0.27470000E+01    3.191000
   43.55167770  0.79148603E+00    3.201000  0.27470000E+01    3.201000
   43.68773651  0.78861510E+00    3.211000  0.27460001E+01    3.211000
   43.82379150  0.78604908E+00    3.221000  0.27460001E+01    3.221000
   43.95984650  0.78349971E+00    3.231000  0.27460001E+01    3.231000
   44.09590530  0.78068238E+00    3.241000  0.27449999E+01    3.241000
   44.23196030  0.77816673E+00    3.251000  0.27449999E+01    3.251000
   44.36801529  0.77538469E+00    3.261000  0.27440000E+01    3.261000
   44.50407410  0.77290211E+00    3.271000  0.27440000E+01    3.271000
   44.64012909  0.77043538E+00    3.281000  0.27440000E+01    3.281000
   44.77618790  0.76770449E+00    3.291000  0.27430000E+01    3.291000
   44.91224670  0.76526983E+00    3.301000  0.27430000E+01    3.301000
   45.04830170  0.76285062E+00    3.311000  0.27430000E+01    3.311000
   45.18435669  0.76016944E+00    3.321000  0.27420001E+01    3.321000
   45.32041550  0.75778145E+00    3.331000  0.27420001E+01    3.331000
   45.45647049  0.75513288E+00    3.341000  0.27409999E+01    3.341000
   45.59252930  0.75277553E+00    3.351000  0.27409999E+01    3.351000
   45.72858429  0.75043284E+00    3.361000  0.27409999E+01    3.361000
   45.86463928  0.74783179E+00    3.371000  0.27400000E+01    3.371000
   46.00069809  0.74551888E+00    3.381000  0.27400000E+01    3.381000
   46.13675308  0.74322025E+00    3.391000  0.27400000E+01    3.391000
   46.27280807  0.74066534E+00    3.401000  0.27390001E+01    3.401000
   46.40886688  0.73839566E+00    3.411000  0.27390001E+01    3.411000
   46.54492188  0.73587105E+00    3.421000  0.27379999E+01    3.421000
   46.68097687  0.73362980E+00    3.431000  0.27379999E+01    3.431000
   46.81703568  0.73140216E+00    3.441000  0.27379999E+01    3.441000
   46.95309067  0.72892170E+00    3.451000  0.27370000E+01    3.451000
   47.08914566  0.72672172E+00    3.461000  0.27370000E+01    3.461000
   47.22520447  0.72453498E+00    3.471000  0.27370000E+01    3.471000
   47.36125946  0.72209745E+00    3.481000  0.27360001E+01    3.481000
   47.49731827  0.71993762E+00    3.491000  0.27360001E+01    3.491000
   47.63337326  0.71752827E+00    3.501000  0.27349999E+01    3.501000
   47.76942825  0.71539487E+00    3.511000  0.27349999E+01    3.511000
   47.90548706  0.71327412E+00    3.521000  0.27349999E+01    3.521000
   48.04154205  0.71090590E+00    3.531000  0.27340000E+01    3.531000
   48.17759705  0.70881087E+00    3.541000  0.27340000E+01    3.541000
   48.31365967  0.70672811E+00    3.551000  0.27340000E+01    3.551000
   48.44971466  0.70439988E+00    3.561000  0.27330000E+01    3.561000
   48.58576965  0.70234222E+00    3.571000  0.27330000E+01    3.571000
   48.72182846  0.70029655E+00    3.581000  0.27330000E+01    3.581000
   48.85788345  0.69800728E+00    3.591000  0.27320001E+01    3.591000
   48.99393845  0.69598601E+00    3.601000  0.27320001E+01    3.601000
   49.12999725  0.69372235E+00    3.611000  0.27309999E+01    3.611000
   49.26605225  0.69172505E+00    3.621000  0.27309999E+01    3.621000
   49.40210724  0.68973922E+00    3.631000  0.27309999E+01    3.631000
   49.53816605  0.68751295E+00    3.641000  0.27300000E+01    3.641000
   49.67422104  0.68555048E+00    3.651000  0.27300000E+01    3.651000
   49.81027603  0.68359918E+00    3.661000  0.27300000E+01    3.661000
   49.94633484  0.68140928E+00    3.671000  0.27290001E+01    3.671000
   50.08238983  0.67948075E+00    3.681000  0.27290001E+01    3.681000
   50.21844482  0.67756311E+00    3.691000  0.27290001E+01    3.691000
   50.35450363  0.67540863E+00    3.701000  0.27279999E+01    3.701000
   50.49055862  0.67351317E+00    3.711000  0.27279999E+01    3.711000
   50.62661743  0.67162833E+00    3.721000  0.27279999E+01    3.721000
   50.76267242  0.66950851E+00    3.731000  0.27270000E+01    3.731000
   50.89872742  0.66764530E+00    3.741000  0.27270000E+01    3.741000
   51.03478622  0.66554830E+00    3.751000  0.27260001E+01    3.751000
   51.17084122  0.66370636E+00    3.761000  0.27260001E+01    3.761000
   51.30689621  0.66187459E+00    3.771000  0.27260001E+01    3.771000
   51.44295502  0.65981073E+00    3.781000  0.27249999E+01    3.781000
   51.57901001  0.65799971E+00    3.791000  0.27249999E+01    3.791000
   51.71506882  0.65619856E+00    3.801000  0.27249999E+01    3.801000
   51.85112762  0.65416715E+00    3.811000  0.27240000E+01    3.811000
   51.98718262  0.65238628E+00    3.821000  0.27240000E+01    3.821000
   52.12323761  0.65061509E+00    3.831000  0.27240000E+01    3.831000
   52.25929642  0.64861530E+00    3.841000  0.27230000E+01    3.841000
   52.39535141  0.64686385E+00    3.851000  0.27230000E+01    3.851000
   52.53140640  0.64512183E+00    3.861000  0.27230000E+01    3.861000
   52.66746521  0.64315286E+00    3.871000  0.27219999E+01    3.871000
   52.80352020  0.64143011E+00    3.881000  0.27219999E+01    3.881000
   52.93957520  0.63971657E+00    3.891000  0.27219999E+01    3.891000
   53.07563400  0.63777779E+00    3.901000  0.27210000E+01    3.901000
   53.21168900  0.63608306E+00    3.911000  0.27210000E+01    3.911000
   53.34774780  0.63439732E+00    3.921000  0.27210000E+01    3.921000
   53.48380280  0.63248797E+00    3.931000  0.27200000E+01    3.931000
   53.61985779  0.63082059E+00    3.941000  0.27200000E+01    3.941000
   53.75591660  0.62916198E+00    3.951000  0.27200000E+01    3.951000
   53.89197159  0.62728138E+00    3.961000  0.27190001E+01    3.961000
   54.02802658  0.62564070E+00    3.971000  0.27190001E+01    3.971000
   54.16408539  0.62400859E+00    3.981000  0.27190001E+01    3.981000
   54.30014038  0.62215602E+00    3.991000  0.27179999E+01    3.991000
   54.43619537  0.62054142E+00    4.001000  0.27179999E+01    4.001000
   54.57225800  0.61893514E+00    4.011000  0.27179999E+01    4.011000
   54.70830917  0.61733722E+00    4.021000  0.27179999E+01    4.021000
   54.84436798  0.61552094E+00    4.031000  0.27170000E+01    4.031000
   54.98042297  0.61394000E+00    4.041000  0.27170000E+01    4.041000
   55.11648178  0.61236709E+00    4.051000  0.27170000E+01    4.051000
   55.25253677  0.61057751E+00    4.061000  0.27160001E+01    4.061000
   55.38859558  0.60902119E+00    4.071000  0.27160001E+01    4.071000
   55.52464676  0.60747285E+00    4.081000  0.27160001E+01    4.081000
   55.66070557  0.60570917E+00    4.091000  0.27149999E+01    4.091000
   55.79676056  0.60417704E+00    4.101000  0.27149999E+01    4.101000
   55.93281937  0.60265258E+00    4.111000  0.27149999E+01    4.111000
   56.06887436  0.60091447E+00    4.121000  0.27140000E+01    4.121000
   56.20493317  0.59940585E+00    4.131000  0.27140000E+01    4.131000
   56.34098434  0.59790486E+00    4.141000  0.27140000E+01    4.141000
   56.47704697  0.59619156E+00    4.151000  0.27130001E+01    4.151000
   56.61309814  0.59470606E+00    4.161000  0.27130001E+01    4.161000
   56.74915695  0.59322787E+00    4.171000  0.27130001E+01    4.171000
   56.88521576  0.59175701E+00    4.181000  0.27130001E+01    4.181000
   57.02127075  0.59007588E+00    4.191000  0.27119999E+01    4.191000
   57.15732956  0.58862006E+00    4.201000  0.27119999E+01    4.201000
   57.29338455  0.58717147E+00    4.211000  0.27119999E+01    4.211000
   57.42944336  0.58551396E+00    4.221000  0.27110000E+01    4.221000
   57.56549454  0.58408008E+00    4.231000  0.27110000E+01    4.231000
   57.70155716  0.58265313E+00    4.241000  0.27110000E+01    4.241000
   57.83760834  0.58123320E+00    4.251000  0.27110000E+01    4.251000
   57.97366714  0.57960625E+00    4.261000  0.27100000E+01    4.261000
   58.10972214  0.57820060E+00    4.271000  0.27100000E+01    4.271000
   58.24578094  0.57680169E+00    4.281000  0.27100000E+01    4.281000
   58.38183594  0.57519728E+00    4.291000  0.27090001E+01    4.291000
   58.51789474  0.57381233E+00    4.301000  0.27090001E+01    4.301000
   58.65394592  0.57243410E+00    4.311000  0.27090001E+01    4.311000
   58.79000473  0.57085158E+00    4.321000  0.27079999E+01    4.321000
   58.92605972  0.56948701E+00    4.331000  0.27079999E+01    4.331000
   59.06211853  0.56812890E+00    4.341000  0.27079999E+01    4.341000
   59.19817352  0.56677730E+00    4.351000  0.27079999E+01    4.351000
   59.33423233  0.56522328E+00    4.361000  0.27070000E+01    4.361000
   59.47028351  0.56388497E+00    4.371000  0.27070000E+01    4.371000
   59.60634613  0.56255292E+00    4.381000  0.27070000E+01    4.381000
   59.74239731  0.56122721E+00    4.391000  0.27070000E+01    4.391000
   59.87845612  0.55970084E+00    4.401000  0.27060001E+01    4.401000
   60.01451111  0.55838804E+00    4.411000  0.27060001E+01    4.411000
   60.15056992  0.55708132E+00    4.421000  0.27060001E+01    4.421000
   60.28662872  0.55557528E+00    4.431000  0.27049999E+01    4.431000
   60.42268372  0.55428126E+00    4.441000  0.27049999E+01    4.441000
   60.55874252  0.55299320E+00    4.451000  0.27049999E+01    4.451000
   60.69479370  0.55171116E+00    4.461000  0.27049999E+01    4.461000
   60.83085632  0.55023153E+00    4.471000  0.27040000E+01    4.471000
   60.96690750  0.54896179E+00    4.481000  0.27040000E+01    4.481000
   61.10296631  0.54769783E+00    4.491000  0.27040000E+01    4.491000
   61.23902130  0.54643974E+00    4.501000  0.27040000E+01    4.501000
   61.37508011  0.54498575E+00    4.511000  0.27030001E+01    4.511000
   61.51113510  0.54373962E+00    4.521000  0.27030001E+01    4.521000
   61.64719391  0.54249911E+00    4.531000  0.27030001E+01    4.531000
   61.78324509  0.54126431E+00    4.541000  0.27030001E+01    4.541000
   61.91930771  0.53983523E+00    4.551000  0.27019999E+01    4.551000
   62.05535889  0.53861206E+00    4.561000  0.27019999E+01    4.561000
   62.19141769  0.53739436E+00    4.571000  0.27019999E+01    4.571000
   62.32747269  0.53618222E+00    4.581000  0.27019999E+01    4.581000
   62.46353149  0.53477749E+00    4.591000  0.27010000E+01    4.591000
   62.59958267  0.53357667E+00    4.601000  0.27010000E+01    4.601000
   62.73564529  0.53238116E+00    4.611000  0.27010000E+01    4.611000
   62.87169647  0.53119106E+00    4.621000  0.27010000E+01    4.621000
   63.00775528  0.52981000E+00    4.631000  0.27000000E+01    4.631000
   63.14381027  0.52863092E+00    4.641000  0.27000000E+01    4.641000
   63.27986908  0.52745702E+00    4.651000  0.27000000E+01    4.651000
   63.41592407  0.52628838E+00    4.661000  0.27000000E+01    4.661000
   63.55198288  0.52493032E+00    4.671000  0.26989999E+01    4.671000
   63.68804169  0.52377236E+00    4.681000  0.26989999E+01    4.681000
   63.82409286  0.52261954E+00    4.691000  0.26989999E+01    4.691000
   63.96015549  0.52147173E+00    4.701000  0.26989999E+01    4.701000
   64.09620667  0.52013624E+00    4.711000  0.26980000E+01    4.711000
   64.23226929  0.51899888E+00    4.721000  0.26980000E+01    4.721000
   64.36831665  0.51786654E+00    4.731000  0.26980000E+01    4.731000
   64.50437927  0.51673907E+00    4.741000  0.26980000E+01    4.741000
   64.64043427  0.51561656E+00    4.751000  0.26980000E+01    4.751000
   64.77648926  0.51430818E+00    4.761000  0.26970000E+01    4.761000
   64.91254425  0.51319578E+00    4.771000  0.26970000E+01    4.771000
   65.04860687  0.51208813E+00    4.781000  0.26970000E+01    4.781000
   65.18466187  0.51098531E+00    4.791000  0.26970000E+01    4.791000
   65.32071686  0.50969813E+00    4.801000  0.26960001E+01    4.801000
   65.45677185  0.50860515E+00    4.811000  0.26960001E+01    4.811000
   65.59282684  0.50751681E+00    4.821000  0.26960001E+01    4.821000
   65.72888184  0.50643316E+00    4.831000  0.26960001E+01    4.831000
   65.86494446  0.50535408E+00    4.841000  0.26960001E+01    4.841000
   66.00099945  0.50409256E+00    4.851000  0.26949999E+01    4.851000
   66.13705444  0.50302303E+00    4.861000  0.26949999E+01    4.861000
   66.27310944  0.50195807E+00    4.871000  0.26949999E+01    4.871000
   66.40917206  0.50089757E+00    4.881000  0.26949999E+01    4.881000
   66.54521942  0.49965613E+00    4.891000  0.26940000E+01    4.891000
   66.68128204  0.49860493E+00    4.901000  0.26940000E+01    4.901000
   66.81733704  0.49755819E+00    4.911000  0.26940000E+01    4.911000
   66.95339203  0.49651579E+00    4.921000  0.26940000E+01    4.921000
   67.08945465  0.49547775E+00    4.931000  0.26940000E+01    4.931000
   67.22550964  0.49426056E+00    4.941000  0.26930001E+01    4.941000
   67.36156464  0.49323154E+00    4.951000  0.26930001E+01    4.951000
   67.49761963  0.49220684E+00    4.961000  0.26930001E+01    4.961000
   67.63368225  0.49118634E+00    4.971000  0.26930001E+01    4.971000
   67.76972961  0.49017011E+00    4.981000  0.26930001E+01    4.981000
   67.90579224  0.48897636E+00    4.991000  0.26919999E+01    4.991000
