#            eV         sigma            Ry            om        Ry/z^2           in 10^-16
    4.56381300  0.00000000E+00    0.335435  0.00000000E+00    0.000000
    4.63952589  0.62845956E-01    0.341000  0.24359999E-01    0.341000
    4.77558279  0.77296828E-01    0.351000  0.30840000E-01    0.351000
    4.91163874  0.84099266E-01    0.361000  0.34510002E-01    0.361000
    5.04769516  0.80480812E-01    0.371000  0.33939999E-01    0.371000
    5.18375206  0.77491024E-01    0.381000  0.33560000E-01    0.381000
    5.31980848  0.75824155E-01    0.391000  0.33700000E-01    0.391000
    5.45586491  0.75008271E-01    0.401000  0.34189999E-01    0.401000
    5.59192133  0.73932424E-01    0.411000  0.34540001E-01    0.411000
    5.72797775  0.71967343E-01    0.421000  0.34440000E-01    0.421000
    5.86403418  0.69399463E-01    0.431000  0.34000002E-01    0.431000
    6.00009108  0.66110179E-01    0.441000  0.33140000E-01    0.441000
    6.13614750  0.62810720E-01    0.451000  0.32200001E-01    0.451000
    6.27220392  0.59272736E-01    0.461000  0.31060001E-01    0.461000
    6.40825987  0.55716879E-01    0.471000  0.29829999E-01    0.471000
    6.54431677  0.52125977E-01    0.481000  0.28500000E-01    0.481000
    6.68037319  0.48645511E-01    0.491000  0.27150000E-01    0.491000
    6.81642962  0.44689399E-01    0.501000  0.25450001E-01    0.501000
    6.95248604  0.42299837E-01    0.511000  0.24569999E-01    0.511000
    7.08854294  0.39427894E-01    0.521000  0.23350000E-01    0.521000
    7.22459936  0.36780096E-01    0.531000  0.22200000E-01    0.531000
    7.36065578  0.34392800E-01    0.541000  0.21150000E-01    0.541000
    7.49671221  0.32347617E-01    0.551000  0.20260001E-01    0.551000
    7.63276863  0.30657612E-01    0.561000  0.19549999E-01    0.561000
    7.76882458  0.29304132E-01    0.571000  0.19020000E-01    0.571000
    7.90488100  0.28224369E-01    0.581000  0.18640000E-01    0.581000
    8.04093838  0.27374655E-01    0.591000  0.18390000E-01    0.591000
    8.17699432  0.26670326E-01    0.601000  0.18220000E-01    0.601000
    8.31305122  0.26061044E-01    0.611000  0.18100001E-01    0.611000
    8.44910717  0.25457216E-01    0.621000  0.17969999E-01    0.621000
    8.58516407  0.24858585E-01    0.631000  0.17829999E-01    0.631000
    8.72122002  0.24223737E-01    0.641000  0.17650001E-01    0.641000
    8.85727692  0.23554333E-01    0.651000  0.17430000E-01    0.651000
    8.99333382  0.22891878E-01    0.661000  0.17200001E-01    0.661000
    9.12938976  0.22196724E-01    0.671000  0.16930001E-01    0.671000
    9.26544666  0.21534903E-01    0.681000  0.16670000E-01    0.681000
    9.40150261  0.20866775E-01    0.691000  0.16390000E-01    0.691000
    9.53755856  0.20217709E-01    0.701000  0.16109999E-01    0.701000
    9.67361641  0.19599274E-01    0.711000  0.15840000E-01    0.711000
    9.80967236  0.18997995E-01    0.721000  0.15570000E-01    0.721000
    9.94572926  0.18437236E-01    0.731000  0.15320000E-01    0.731000
   10.08178520  0.17891612E-01    0.741000  0.15070000E-01    0.741000
   10.21784115  0.17360519E-01    0.751000  0.14820000E-01    0.751000
   10.35389805  0.16878065E-01    0.761000  0.14600000E-01    0.761000
   10.48995495  0.16590690E-01    0.771000  0.14540000E-01    0.771000
   10.62601089  0.15972747E-01    0.781000  0.14180000E-01    0.781000
   10.76206779  0.15537257E-01    0.791000  0.13970000E-01    0.791000
   10.89812374  0.15134606E-01    0.801000  0.13780000E-01    0.801000
   11.03418064  0.14741885E-01    0.811000  0.13590000E-01    0.811000
   11.17023659  0.14358731E-01    0.821000  0.13400000E-01    0.821000
   11.30629349  0.13995386E-01    0.831000  0.13220000E-01    0.831000
   11.44235039  0.13651141E-01    0.841000  0.13050000E-01    0.841000
   11.57840633  0.13325324E-01    0.851000  0.12890000E-01    0.851000
   11.71446323  0.13007076E-01    0.861000  0.12730000E-01    0.861000
   11.85051918  0.12696136E-01    0.871000  0.12570000E-01    0.871000
   11.98657608  0.12402239E-01    0.881000  0.12420000E-01    0.881000
   12.12263203  0.12124815E-01    0.891000  0.12280000E-01    0.891000
   12.25868893  0.11853547E-01    0.901000  0.12140000E-01    0.901000
   12.39474583  0.11588235E-01    0.911000  0.12000000E-01    0.911000
   12.53080177  0.11338236E-01    0.921000  0.11870000E-01    0.921000
   12.66685867  0.11074710E-01    0.931000  0.11720000E-01    0.931000
   12.80291462  0.10872878E-01    0.941000  0.11630000E-01    0.941000
   12.93897057  0.10656790E-01    0.951000  0.11520000E-01    0.951000
   13.07502842  0.10454353E-01    0.961000  0.11420000E-01    0.961000
   13.21108437  0.10256085E-01    0.971000  0.11320000E-01    0.971000
   13.34714127  0.10061860E-01    0.981000  0.11220000E-01    0.981000
   13.48319721  0.98804326E-02    0.991000  0.11130000E-01    0.991000
   13.61925411  0.97026288E-02    1.001000  0.11040000E-01    1.001000
   13.75531101  0.95370443E-02    1.011000  0.10960000E-01    1.011000
   13.89136696  0.93833203E-02    1.021000  0.10890000E-01    1.021000
   14.02742290  0.92240457E-02    1.031000  0.10810000E-01    1.031000
   14.16347980  0.90847332E-02    1.041000  0.10750000E-01    1.041000
   14.29953575  0.89397007E-02    1.051000  0.10680000E-01    1.051000
   14.43559265  0.88056934E-02    1.061000  0.10620000E-01    1.061000
   14.57164860  0.86741894E-02    1.071000  0.10560000E-01    1.071000
   14.70770550  0.85532562E-02    1.081000  0.10510000E-01    1.081000
   14.84376144  0.84345392E-02    1.091000  0.10460000E-01    1.091000
   14.97981739  0.83179795E-02    1.101000  0.10410000E-01    1.101000
   15.11587429  0.82035181E-02    1.111000  0.10360000E-01    1.111000
   15.25193214  0.80910979E-02    1.121000  0.10310000E-01    1.121000
   15.38798809  0.79884454E-02    1.131000  0.10270000E-01    1.131000
   15.52404499  0.78798809E-02    1.141000  0.10220000E-01    1.141000
   15.66010094  0.77808472E-02    1.151000  0.10180000E-01    1.151000
   15.79615784  0.76835188E-02    1.161000  0.10140000E-01    1.161000
   15.93221378  0.75878527E-02    1.171000  0.10100000E-01    1.171000
   16.06826973  0.74938074E-02    1.181000  0.10060000E-01    1.181000
   16.20432663  0.74013407E-02    1.191000  0.10020000E-01    1.191000
   16.34038353  0.73104137E-02    1.201000  0.99799996E-02    1.201000
   16.47643852  0.72217152E-02    1.211000  0.99409996E-02    1.211000
   16.61249542  0.71337494E-02    1.221000  0.99010002E-02    1.221000
   16.74855232  0.70479271E-02    1.231000  0.98620001E-02    1.231000
   16.88460922  0.69627781E-02    1.241000  0.98219998E-02    1.241000
   17.02066612  0.68789917E-02    1.251000  0.97820004E-02    1.251000
   17.15672302  0.67965335E-02    1.261000  0.97420001E-02    1.261000
   17.29277992  0.67153729E-02    1.271000  0.97019998E-02    1.271000
   17.42883492  0.66341062E-02    1.281000  0.96600000E-02    1.281000
   17.56489182  0.65547801E-02    1.291000  0.96190004E-02    1.291000
   17.70094872  0.64753207E-02    1.301000  0.95760003E-02    1.301000
   17.83700371  0.63970735E-02    1.311000  0.95330002E-02    1.311000
   17.97306061  0.63186788E-02    1.321000  0.94879996E-02    1.321000
   18.10911751  0.62414626E-02    1.331000  0.94430000E-02    1.331000
   18.24517441  0.61647419E-02    1.341000  0.93970001E-02    1.341000
   18.38122940  0.60885055E-02    1.351000  0.93499999E-02    1.351000
   18.51728630  0.60133895E-02    1.361000  0.93029998E-02    1.361000
   18.65334511  0.59380857E-02    1.371000  0.92540001E-02    1.371000
   18.78940010  0.58638724E-02    1.381000  0.92049995E-02    1.381000
   18.92545700  0.57900941E-02    1.391000  0.91549996E-02    1.391000
   19.06151390  0.57173690E-02    1.401000  0.91049997E-02    1.401000
   19.19756889  0.56444281E-02    1.411000  0.90530002E-02    1.411000
   19.33362579  0.55725132E-02    1.421000  0.90009999E-02    1.421000
   19.46968269  0.55009891E-02    1.431000  0.89480001E-02    1.431000
   19.60573769  0.54298470E-02    1.441000  0.88940002E-02    1.441000
   19.74179459  0.53590790E-02    1.451000  0.88390000E-02    1.451000
   19.87785149  0.52892798E-02    1.461000  0.87839998E-02    1.461000
   20.01390839  0.52198320E-02    1.471000  0.87280003E-02    1.471000
   20.14996338  0.51513215E-02    1.481000  0.86719999E-02    1.481000
   20.28602219  0.50831399E-02    1.491000  0.86150002E-02    1.491000
   20.42207909  0.50152810E-02    1.501000  0.85570002E-02    1.501000
   20.55813408  0.49483202E-02    1.511000  0.84990002E-02    1.511000
   20.69419098  0.48822400E-02    1.521000  0.84410002E-02    1.521000
   20.83024788  0.48164482E-02    1.531000  0.83820000E-02    1.531000
   20.96630287  0.47515103E-02    1.541000  0.83229998E-02    1.541000
   21.10235977  0.46868430E-02    1.551000  0.82630003E-02    1.551000
   21.23841667  0.46230036E-02    1.561000  0.82029998E-02    1.561000
   21.37447357  0.45599775E-02    1.571000  0.81430003E-02    1.571000
   21.51052856  0.44971916E-02    1.581000  0.80819996E-02    1.581000
   21.64658546  0.44351955E-02    1.591000  0.80209998E-02    1.591000
   21.78264236  0.43734242E-02    1.601000  0.79589998E-02    1.601000
   21.91869736  0.43129660E-02    1.611000  0.78980001E-02    1.611000
   22.05475616  0.42527106E-02    1.621000  0.78360001E-02    1.621000
   22.19081306  0.41931944E-02    1.631000  0.77740001E-02    1.631000
   22.32686806  0.41344036E-02    1.641000  0.77120000E-02    1.641000
   22.46292496  0.40763249E-02    1.651000  0.76500000E-02    1.651000
   22.59898186  0.40189455E-02    1.661000  0.75880000E-02    1.661000
   22.73503876  0.39617263E-02    1.671000  0.75249998E-02    1.671000
   22.87109375  0.39057114E-02    1.681000  0.74629998E-02    1.681000
   23.00715065  0.38498388E-02    1.691000  0.74000000E-02    1.691000
   23.14320755  0.37951403E-02    1.701000  0.73380000E-02    1.701000
   23.27926254  0.37410811E-02    1.711000  0.72760000E-02    1.711000
   23.41531944  0.36871391E-02    1.721000  0.72130002E-02    1.721000
   23.55137634  0.36343284E-02    1.731000  0.71510002E-02    1.731000
   23.68743324  0.35821242E-02    1.741000  0.70890002E-02    1.741000
   23.82349014  0.35305164E-02    1.751000  0.70270002E-02    1.751000
   23.95954704  0.34794948E-02    1.761000  0.69650002E-02    1.761000
   24.09560394  0.34290494E-02    1.771000  0.69030002E-02    1.771000
   24.23165894  0.33796644E-02    1.781000  0.68419999E-02    1.781000
   24.36771584  0.33308310E-02    1.791000  0.67810002E-02    1.791000
   24.50377274  0.32825397E-02    1.801000  0.67199999E-02    1.801000
   24.63982773  0.32347819E-02    1.811000  0.66590002E-02    1.811000
   24.77588463  0.31875485E-02    1.821000  0.65979999E-02    1.821000
   24.91194153  0.31413115E-02    1.831000  0.65380000E-02    1.831000
   25.04799843  0.30955769E-02    1.841000  0.64780000E-02    1.841000
   25.18405342  0.30508118E-02    1.851000  0.64190002E-02    1.851000
   25.32011032  0.30060549E-02    1.861000  0.63590002E-02    1.861000
   25.45616913  0.29622464E-02    1.871000  0.63000000E-02    1.871000
   25.59222412  0.29189039E-02    1.881000  0.62409998E-02    1.881000
   25.72828102  0.28764851E-02    1.891000  0.61829998E-02    1.891000
   25.86433792  0.28345126E-02    1.901000  0.61249998E-02    1.901000
   26.00039291  0.27929794E-02    1.911000  0.60669999E-02    1.911000
   26.13644981  0.27523366E-02    1.921000  0.60100001E-02    1.921000
   26.27250671  0.27121146E-02    1.931000  0.59529999E-02    1.931000
   26.40856171  0.26723072E-02    1.941000  0.58960002E-02    1.941000
   26.54461861  0.26333588E-02    1.951000  0.58400002E-02    1.951000
   26.68067551  0.25948073E-02    1.961000  0.57839998E-02    1.961000
   26.81673241  0.25570937E-02    1.971000  0.57290001E-02    1.971000
   26.95278740  0.25197607E-02    1.981000  0.56739999E-02    1.981000
   27.08884621  0.24832444E-02    1.991000  0.56200000E-02    1.991000
   27.22490120  0.24470935E-02    2.001000  0.55660000E-02    2.001000
   27.36095619  0.24113019E-02    2.011000  0.55120001E-02    2.011000
   27.49701309  0.23762998E-02    2.021000  0.54589999E-02    2.021000
   27.63306999  0.23416425E-02    2.031000  0.54060002E-02    2.031000
   27.76912689  0.23077555E-02    2.041000  0.53539998E-02    2.041000
   27.90518570  0.22741990E-02    2.051000  0.53019999E-02    2.051000
   28.04124260  0.22409683E-02    2.061000  0.52499999E-02    2.061000
   28.17729759  0.22084833E-02    2.071000  0.51989998E-02    2.071000
   28.31335449  0.21763106E-02    2.081000  0.51480001E-02    2.081000
   28.44941139  0.21448663E-02    2.091000  0.50980002E-02    2.091000
   28.58546829  0.21141400E-02    2.101000  0.50490000E-02    2.101000
   28.72152328  0.20832881E-02    2.111000  0.49990001E-02    2.111000
   28.85758018  0.20535567E-02    2.121000  0.49510002E-02    2.121000
   28.99363708  0.20236914E-02    2.131000  0.49020001E-02    2.131000
   29.12969208  0.19945161E-02    2.141000  0.48540002E-02    2.141000
   29.26574898  0.19660210E-02    2.151000  0.48070000E-02    2.151000
   29.40180588  0.19377895E-02    2.161000  0.47599999E-02    2.161000
   29.53786278  0.19102235E-02    2.171000  0.47140000E-02    2.171000
   29.67391777  0.18829103E-02    2.181000  0.46680002E-02    2.181000
   29.80997467  0.18558462E-02    2.191000  0.46219998E-02    2.191000
   29.94603157  0.18294280E-02    2.201000  0.45770002E-02    2.201000
   30.08208656  0.18032486E-02    2.211000  0.45320000E-02    2.211000
   30.21814346  0.17777011E-02    2.221000  0.44880002E-02    2.221000
   30.35420036  0.17523825E-02    2.231000  0.44439998E-02    2.231000
   30.49025726  0.17276827E-02    2.241000  0.44010002E-02    2.241000
   30.62631226  0.17032021E-02    2.251000  0.43580001E-02    2.251000
   30.76236916  0.16793271E-02    2.261000  0.43159998E-02    2.261000
   30.89842606  0.16556626E-02    2.271000  0.42739999E-02    2.271000
   31.03448105  0.16325911E-02    2.281000  0.42329999E-02    2.281000
   31.17053795  0.16097210E-02    2.291000  0.41919998E-02    2.291000
   31.30659866  0.15870498E-02    2.301000  0.41510002E-02    2.301000
   31.44265366  0.15649553E-02    2.311000  0.41109999E-02    2.311000
   31.57871056  0.15430513E-02    2.321000  0.40710000E-02    2.321000
   31.71476746  0.15217127E-02    2.331000  0.40320000E-02    2.331000
   31.85082245  0.15005563E-02    2.341000  0.39929999E-02    2.341000
   31.98687935  0.14795799E-02    2.351000  0.39539998E-02    2.351000
   32.12293625  0.14591540E-02    2.361000  0.39160000E-02    2.361000
   32.25899124  0.14392712E-02    2.371000  0.38790000E-02    2.371000
   32.39505005  0.14191860E-02    2.381000  0.38409999E-02    2.381000
   32.53110504  0.14000048E-02    2.391000  0.38050001E-02    2.391000
   32.66716003  0.13806168E-02    2.401000  0.37680001E-02    2.401000
   32.80321884  0.13617546E-02    2.411000  0.37320000E-02    2.411000
   32.93927383  0.13430482E-02    2.421000  0.36960000E-02    2.421000
   33.07532883  0.13248576E-02    2.431000  0.36609999E-02    2.431000
   33.21138763  0.13068160E-02    2.441000  0.36259999E-02    2.441000
   33.34744263  0.12892807E-02    2.451000  0.35920001E-02    2.451000
   33.48349762  0.12718877E-02    2.461000  0.35580001E-02    2.461000
   33.61955643  0.12546356E-02    2.471000  0.35240001E-02    2.471000
   33.75561142  0.12378771E-02    2.481000  0.34910000E-02    2.481000
   33.89167023  0.12212532E-02    2.491000  0.34580000E-02    2.491000
   34.02772522  0.12047622E-02    2.501000  0.34250000E-02    2.501000
   34.16378021  0.11887529E-02    2.511000  0.33930000E-02    2.511000
   34.29983902  0.11728706E-02    2.521000  0.33610000E-02    2.521000
   34.43589401  0.11574614E-02    2.531000  0.33300000E-02    2.531000
   34.57194901  0.11418273E-02    2.541000  0.32980000E-02    2.541000
   34.70801163  0.11270054E-02    2.551000  0.32680000E-02    2.551000
   34.84406662  0.11119558E-02    2.561000  0.32370000E-02    2.561000
   34.98012161  0.10973655E-02    2.571000  0.32070000E-02    2.571000
   35.11618042  0.10828882E-02    2.581000  0.31770000E-02    2.581000
   35.25223541  0.10688622E-02    2.591000  0.31480000E-02    2.591000
   35.38829041  0.10549441E-02    2.601000  0.31190000E-02    2.601000
   35.52434921  0.10411326E-02    2.611000  0.30900000E-02    2.611000
   35.66040421  0.10274264E-02    2.621000  0.30610000E-02    2.621000
   35.79645920  0.10141589E-02    2.631000  0.30330000E-02    2.631000
   35.93251801  0.10009918E-02    2.641000  0.30050001E-02    2.641000
   36.06857300  0.98825588E-03    2.651000  0.29780001E-02    2.651000
   36.20462799  0.97561562E-03    2.661000  0.29509999E-02    2.661000
   36.34068680  0.96307010E-03    2.671000  0.29239999E-02    2.671000
   36.47674179  0.95061815E-03    2.681000  0.28969999E-02    2.681000
   36.61279678  0.93858568E-03    2.691000  0.28710000E-02    2.691000
   36.74885559  0.92664230E-03    2.701000  0.28450000E-02    2.701000
   36.88491058  0.91478704E-03    2.711000  0.28190000E-02    2.711000
   37.02096939  0.90334223E-03    2.721000  0.27940001E-02    2.721000
   37.15702438  0.89198115E-03    2.731000  0.27689999E-02    2.731000
   37.29307938  0.88070306E-03    2.741000  0.27439999E-02    2.741000
   37.42913818  0.86950695E-03    2.751000  0.27190000E-02    2.751000
   37.56519318  0.85871058E-03    2.761000  0.26950000E-02    2.761000
   37.70124817  0.84799213E-03    2.771000  0.26710001E-02    2.771000
   37.83730698  0.83735069E-03    2.781000  0.26469999E-02    2.781000
   37.97336197  0.82710079E-03    2.791000  0.26240000E-02    2.791000
   38.10942078  0.81692401E-03    2.801000  0.26010000E-02    2.801000
   38.24547958  0.80681970E-03    2.811000  0.25780001E-02    2.811000
   38.38153458  0.79678696E-03    2.821000  0.25549999E-02    2.821000
   38.51758957  0.78713592E-03    2.831000  0.25330000E-02    2.831000
   38.65364838  0.77724316E-03    2.841000  0.25100000E-02    2.841000
   38.78970337  0.76772838E-03    2.851000  0.24880001E-02    2.851000
   38.92575836  0.75858753E-03    2.861000  0.24669999E-02    2.861000
   39.06181717  0.74920401E-03    2.871000  0.24450000E-02    2.871000
   39.19787216  0.74019099E-03    2.881000  0.24240001E-02    2.881000
   39.33392715  0.73124025E-03    2.891000  0.24029999E-02    2.891000
   39.46998596  0.72235129E-03    2.901000  0.23820000E-02    2.901000
   39.60604095  0.71382561E-03    2.911000  0.23620001E-02    2.911000
   39.74209976  0.70505706E-03    2.921000  0.23409999E-02    2.921000
   39.87815475  0.69664857E-03    2.931000  0.23210000E-02    2.931000
   40.01420975  0.68829726E-03    2.941000  0.23010001E-02    2.941000
   40.15026855  0.68000247E-03    2.951000  0.22809999E-02    2.951000
   40.28632355  0.67206090E-03    2.961000  0.22620000E-02    2.961000
   40.42237854  0.66417278E-03    2.971000  0.22430001E-02    2.971000
   40.55843735  0.65633752E-03    2.981000  0.22239999E-02    2.981000
   40.69449234  0.64855472E-03    2.991000  0.22050000E-02    2.991000
   40.83054733  0.64082379E-03    3.001000  0.21860001E-02    3.001000
   40.96660614  0.63343632E-03    3.011000  0.21680000E-02    3.011000
   41.10266113  0.62580661E-03    3.021000  0.21490001E-02    3.021000
   41.23871613  0.61851743E-03    3.031000  0.21309999E-02    3.031000
   41.37477493  0.61156555E-03    3.041000  0.21140000E-02    3.041000
   41.51083374  0.60437079E-03    3.051000  0.20959999E-02    3.051000
   41.64688873  0.59722314E-03    3.061000  0.20780000E-02    3.061000
   41.78294754  0.59040851E-03    3.071000  0.20610001E-02    3.071000
   41.91900253  0.58363806E-03    3.081000  0.20440000E-02    3.081000
   42.05505753  0.57691148E-03    3.091000  0.20270001E-02    3.091000
   42.19111633  0.57022821E-03    3.101000  0.20099999E-02    3.101000
   42.32717133  0.56387076E-03    3.111000  0.19940000E-02    3.111000
   42.46323013  0.55727211E-03    3.121000  0.19769999E-02    3.121000
   42.59928513  0.55099665E-03    3.131000  0.19610000E-02    3.131000
   42.73534012  0.54476112E-03    3.141000  0.19450000E-02    3.141000
   42.87139893  0.53856516E-03    3.151000  0.19290000E-02    3.151000
   43.00745392  0.53240841E-03    3.161000  0.19130000E-02    3.161000
   43.14350891  0.52656792E-03    3.171000  0.18980000E-02    3.171000
   43.27956772  0.52048760E-03    3.181000  0.18820000E-02    3.181000
   43.41562271  0.51472107E-03    3.191000  0.18670000E-02    3.191000
   43.55167770  0.50899058E-03    3.201000  0.18520000E-02    3.201000
   43.68773651  0.50329578E-03    3.211000  0.18370000E-02    3.211000
   43.82379150  0.49763634E-03    3.221000  0.18220000E-02    3.221000
   43.95984650  0.49228422E-03    3.231000  0.18080000E-02    3.231000
   44.09590530  0.48669368E-03    3.241000  0.17930000E-02    3.241000
   44.23196030  0.48140814E-03    3.251000  0.17790000E-02    3.251000
   44.36801529  0.47615502E-03    3.261000  0.17650001E-02    3.261000
   44.50407410  0.47093398E-03    3.271000  0.17509999E-02    3.271000
   44.64012909  0.46574481E-03    3.281000  0.17370000E-02    3.281000
   44.77618790  0.46058717E-03    3.291000  0.17230000E-02    3.291000
   44.91224670  0.45546074E-03    3.301000  0.17090000E-02    3.301000
   45.04830170  0.45063102E-03    3.311000  0.16960000E-02    3.311000
   45.18435669  0.44556548E-03    3.321000  0.16820000E-02    3.321000
   45.32041550  0.44079446E-03    3.331000  0.16690000E-02    3.331000
   45.45647049  0.43605200E-03    3.341000  0.16560000E-02    3.341000
   45.59252930  0.43133785E-03    3.351000  0.16430001E-02    3.351000
   45.72858429  0.42665172E-03    3.361000  0.16300000E-02    3.361000
   45.86463928  0.42199343E-03    3.371000  0.16170000E-02    3.371000
   46.00069809  0.41762289E-03    3.381000  0.16050000E-02    3.381000
   46.13675308  0.41301869E-03    3.391000  0.15920000E-02    3.391000
   46.27280807  0.40870024E-03    3.401000  0.15800000E-02    3.401000
   46.40886688  0.40440708E-03    3.411000  0.15679999E-02    3.411000
   46.54492188  0.40013905E-03    3.421000  0.15560000E-02    3.421000
   46.68097687  0.39589590E-03    3.431000  0.15440000E-02    3.431000
   46.81703568  0.39167742E-03    3.441000  0.15320000E-02    3.441000
   46.95309067  0.38748338E-03    3.451000  0.15200000E-02    3.451000
   47.08914566  0.38331354E-03    3.461000  0.15080000E-02    3.461000
   47.22520447  0.37942122E-03    3.471000  0.14970000E-02    3.471000
   47.36125946  0.37529854E-03    3.481000  0.14850000E-02    3.481000
   47.49731827  0.37145148E-03    3.491000  0.14740000E-02    3.491000
   47.63337326  0.36762636E-03    3.501000  0.14630000E-02    3.501000
   47.76942825  0.36382306E-03    3.511000  0.14520000E-02    3.511000
   47.90548706  0.36004137E-03    3.521000  0.14410000E-02    3.521000
   48.04154205  0.35628107E-03    3.531000  0.14299999E-02    3.531000
   48.17759705  0.35254203E-03    3.541000  0.14190000E-02    3.541000
   48.31365967  0.34882404E-03    3.551000  0.14080000E-02    3.551000
   48.44971466  0.34537399E-03    3.561000  0.13980001E-02    3.561000
   48.58576965  0.34169689E-03    3.571000  0.13870000E-02    3.571000
   48.72182846  0.33828601E-03    3.581000  0.13770000E-02    3.581000
   48.85788345  0.33489414E-03    3.591000  0.13670000E-02    3.591000
   48.99393845  0.33127677E-03    3.601000  0.13560000E-02    3.601000
   49.12999725  0.32792309E-03    3.611000  0.13460000E-02    3.611000
   49.26605225  0.32458793E-03    3.621000  0.13360000E-02    3.621000
   49.40210724  0.32127112E-03    3.631000  0.13260000E-02    3.631000
   49.53816605  0.31821418E-03    3.641000  0.13170000E-02    3.641000
   49.67422104  0.31493302E-03    3.651000  0.13070001E-02    3.651000
   49.81027603  0.31166976E-03    3.661000  0.12970000E-02    3.661000
   49.94633484  0.30866396E-03    3.671000  0.12880000E-02    3.671000
   50.08238983  0.30543546E-03    3.681000  0.12780000E-02    3.681000
   50.21844482  0.30246283E-03    3.691000  0.12690000E-02    3.691000
   50.35450363  0.29926856E-03    3.701000  0.12590000E-02    3.701000
   50.49055862  0.29632854E-03    3.711000  0.12500000E-02    3.711000
   50.62661743  0.29340435E-03    3.721000  0.12410000E-02    3.721000
   50.76267242  0.29049581E-03    3.731000  0.12320000E-02    3.731000
   50.89872742  0.28760285E-03    3.741000  0.12230000E-02    3.741000
   51.03478622  0.28472531E-03    3.751000  0.12140000E-02    3.751000
   51.17084122  0.28186305E-03    3.761000  0.12050000E-02    3.761000
   51.30689621  0.27924929E-03    3.771000  0.11970000E-02    3.771000
   51.44295502  0.27641665E-03    3.781000  0.11880000E-02    3.781000
   51.57901001  0.27359898E-03    3.791000  0.11790000E-02    3.791000
   51.71506882  0.27102754E-03    3.801000  0.11710000E-02    3.801000
   51.85112762  0.26823880E-03    3.811000  0.11620000E-02    3.811000
   51.98718262  0.26569490E-03    3.821000  0.11540001E-02    3.821000
   52.12323761  0.26316425E-03    3.831000  0.11460000E-02    3.831000
   52.25929642  0.26041776E-03    3.841000  0.11370000E-02    3.841000
   52.39535141  0.25791395E-03    3.851000  0.11290000E-02    3.851000
   52.53140640  0.25542315E-03    3.861000  0.11210000E-02    3.861000
   52.66746521  0.25294518E-03    3.871000  0.11130000E-02    3.871000
   52.80352020  0.25048001E-03    3.881000  0.11050000E-02    3.881000
   52.93957520  0.24802749E-03    3.891000  0.10970000E-02    3.891000
   53.07563400  0.24581308E-03    3.901000  0.10900000E-02    3.901000
   53.21168900  0.24338503E-03    3.911000  0.10820000E-02    3.911000
   53.34774780  0.24096939E-03    3.921000  0.10740000E-02    3.921000
   53.48380280  0.23878981E-03    3.931000  0.10670000E-02    3.931000
   53.61985779  0.23639809E-03    3.941000  0.10590000E-02    3.941000
   53.75591660  0.23424112E-03    3.951000  0.10520000E-02    3.951000
   53.89197159  0.23187296E-03    3.961000  0.10440000E-02    3.961000
   54.02802658  0.22973824E-03    3.971000  0.10370000E-02    3.971000
   54.16408539  0.22761428E-03    3.981000  0.10300000E-02    3.981000
   54.30014038  0.22528050E-03    3.991000  0.10220000E-02    3.991000
   54.43619537  0.22317829E-03    4.001000  0.10150000E-02    4.001000
   54.57225800  0.22108653E-03    4.011000  0.10080000E-02    4.011000
   54.70830917  0.21900522E-03    4.021000  0.10010001E-02    4.021000
   54.84436798  0.21697784E-03    4.031000  0.99420000E-03    4.031000
   54.98042297  0.21493874E-03    4.041000  0.98729995E-03    4.041000
   55.11648178  0.21290972E-03    4.051000  0.98040001E-03    4.051000
   55.25253677  0.21093402E-03    4.061000  0.97370002E-03    4.061000
   55.38859558  0.20894640E-03    4.071000  0.96690003E-03    4.071000
   55.52464676  0.20699009E-03    4.081000  0.96019998E-03    4.081000
   55.66070557  0.20506483E-03    4.091000  0.95359999E-03    4.091000
   55.79676056  0.20314898E-03    4.101000  0.94699999E-03    4.101000
   55.93281937  0.20126384E-03    4.111000  0.94050000E-03    4.111000
   56.06887436  0.19938786E-03    4.121000  0.93400001E-03    4.121000
   56.20493317  0.19754224E-03    4.131000  0.92760002E-03    4.131000
   56.34098434  0.19570555E-03    4.141000  0.92119997E-03    4.141000
   56.47704697  0.19389889E-03    4.151000  0.91489998E-03    4.151000
   56.61309814  0.19212207E-03    4.161000  0.90869999E-03    4.161000
   56.74915695  0.19035376E-03    4.171000  0.90250000E-03    4.171000
   56.88521576  0.18859390E-03    4.181000  0.89630001E-03    4.181000
   57.02127075  0.18686346E-03    4.191000  0.89020003E-03    4.191000
   57.15732956  0.18514121E-03    4.201000  0.88409998E-03    4.201000
   57.29338455  0.18344808E-03    4.211000  0.87809999E-03    4.211000
   57.42944336  0.18178379E-03    4.221000  0.87220001E-03    4.221000
   57.56549454  0.18012738E-03    4.231000  0.86630002E-03    4.231000
   57.70155716  0.17847876E-03    4.241000  0.86039997E-03    4.241000
   57.83760834  0.17685861E-03    4.251000  0.85459999E-03    4.251000
   57.97366714  0.17524606E-03    4.261000  0.84880000E-03    4.261000
   58.10972214  0.17366167E-03    4.271000  0.84310002E-03    4.271000
   58.24578094  0.17208465E-03    4.281000  0.83739997E-03    4.281000
   58.38183594  0.17053552E-03    4.291000  0.83179999E-03    4.291000
   58.51789474  0.16899357E-03    4.301000  0.82620000E-03    4.301000
   58.65394592  0.16747920E-03    4.311000  0.82070002E-03    4.311000
   58.79000473  0.16597180E-03    4.321000  0.81519998E-03    4.321000
   58.92605972  0.16447140E-03    4.331000  0.80970000E-03    4.331000
   59.06211853  0.16299816E-03    4.341000  0.80430001E-03    4.341000
   59.19817352  0.16155192E-03    4.351000  0.79899997E-03    4.351000
   59.33423233  0.16009213E-03    4.361000  0.79359999E-03    4.361000
   59.47028351  0.15867930E-03    4.371000  0.78840001E-03    4.371000
   59.60634613  0.15725281E-03    4.381000  0.78310003E-03    4.381000
   59.74239731  0.15585286E-03    4.391000  0.77789999E-03    4.391000
   59.87845612  0.15447926E-03    4.401000  0.77280001E-03    4.401000
   60.01451111  0.15309196E-03    4.411000  0.76760002E-03    4.411000
   60.15056992  0.15175070E-03    4.421000  0.76259999E-03    4.421000
   60.28662872  0.15039566E-03    4.431000  0.75750001E-03    4.431000
   60.42268372  0.14906654E-03    4.441000  0.75250003E-03    4.441000
   60.55874252  0.14776314E-03    4.451000  0.74759999E-03    4.451000
   60.69479370  0.14644588E-03    4.461000  0.74260001E-03    4.461000
   60.83085632  0.14517384E-03    4.471000  0.73779997E-03    4.471000
   60.96690750  0.14388788E-03    4.481000  0.73289999E-03    4.481000
   61.10296631  0.14262721E-03    4.491000  0.72810001E-03    4.491000
   61.23902130  0.14137215E-03    4.501000  0.72329998E-03    4.501000
   61.37508011  0.14014216E-03    4.511000  0.71860000E-03    4.511000
   61.51113510  0.13891762E-03    4.521000  0.71390002E-03    4.521000
   61.64719391  0.13769846E-03    4.531000  0.70919999E-03    4.531000
   61.78324509  0.13650407E-03    4.541000  0.70460001E-03    4.541000
   61.91930771  0.13531490E-03    4.551000  0.69999998E-03    4.551000
   62.05535889  0.13415026E-03    4.561000  0.69550000E-03    4.561000
   62.19141769  0.13297145E-03    4.571000  0.69090002E-03    4.571000
   62.32747269  0.13183620E-03    4.581000  0.68649999E-03    4.581000
   62.46353149  0.13068674E-03    4.591000  0.68200001E-03    4.591000
   62.59958267  0.12956139E-03    4.601000  0.67759998E-03    4.601000
   62.73564529  0.12844092E-03    4.611000  0.67320000E-03    4.611000
   62.87169647  0.12732532E-03    4.621000  0.66880003E-03    4.621000
   63.00775528  0.12623350E-03    4.631000  0.66450000E-03    4.631000
   63.14381027  0.12514642E-03    4.641000  0.66020002E-03    4.641000
   63.27986908  0.12408290E-03    4.651000  0.65599999E-03    4.651000
   63.41592407  0.12302396E-03    4.661000  0.65180002E-03    4.661000
   63.55198288  0.12196954E-03    4.671000  0.64759998E-03    4.671000
   63.68804169  0.12091964E-03    4.681000  0.64340001E-03    4.681000
   63.82409286  0.11989296E-03    4.691000  0.63929998E-03    4.691000
   63.96015549  0.11887065E-03    4.701000  0.63520001E-03    4.701000
   64.09620667  0.11785269E-03    4.711000  0.63109997E-03    4.711000
   64.23226929  0.11685767E-03    4.721000  0.62710000E-03    4.721000
   64.36831665  0.11586686E-03    4.731000  0.62309997E-03    4.731000
   64.50437927  0.11488022E-03    4.741000  0.61910000E-03    4.741000
   64.64043427  0.11391627E-03    4.751000  0.61520003E-03    4.751000
   64.77648926  0.11293787E-03    4.761000  0.61120000E-03    4.761000
   64.91254425  0.11200047E-03    4.771000  0.60740003E-03    4.771000
   65.04860687  0.11104856E-03    4.781000  0.60350000E-03    4.781000
   65.18466187  0.11011902E-03    4.791000  0.59970003E-03    4.791000
   65.32071686  0.10919333E-03    4.801000  0.59590000E-03    4.801000
   65.45677185  0.10827150E-03    4.811000  0.59210003E-03    4.811000
   65.59282684  0.10737173E-03    4.821000  0.58840000E-03    4.821000
   65.72888184  0.10645749E-03    4.831000  0.58460003E-03    4.831000
   65.86494446  0.10556519E-03    4.841000  0.58090000E-03    4.841000
   66.00099945  0.10469470E-03    4.851000  0.57729997E-03    4.851000
   66.13705444  0.10382780E-03    4.861000  0.57370000E-03    4.861000
   66.27310944  0.10294640E-03    4.871000  0.56999997E-03    4.871000
   66.40917206  0.10210465E-03    4.881000  0.56650001E-03    4.881000
   66.54521942  0.10124837E-03    4.891000  0.56289998E-03    4.891000
   66.68128204  0.10041352E-03    4.901000  0.55940001E-03    4.901000
   66.81733704  0.99582077E-04    4.911000  0.55589998E-03    4.911000
   66.95339203  0.98754012E-04    4.921000  0.55240002E-03    4.921000
   67.08945465  0.97929295E-04    4.931000  0.54889999E-03    4.931000
   67.22550964  0.97125742E-04    4.941000  0.54550002E-03    4.941000
   67.36156464  0.96325415E-04    4.951000  0.54210000E-03    4.951000
   67.49761963  0.95528334E-04    4.961000  0.53870003E-03    4.961000
   67.63368225  0.94752138E-04    4.971000  0.53540000E-03    4.971000
   67.76972961  0.93961406E-04    4.981000  0.53199998E-03    4.981000
   67.90579224  0.93191470E-04    4.991000  0.52870001E-03    4.991000
