#            eV         sigma            Ry            om        Ry/z^2           in 10^-16
    2.27079953  0.00000000E+00    0.166901  0.00000000E+00    0.000000
    2.32656598  0.15135178E+02    0.171000  0.40090001E+00    0.171000
    2.46262217  0.18034633E+02    0.181000  0.68269998E+00    0.181000
    2.59867883  0.21799221E+02    0.191000  0.10730000E+01    0.191000
    2.73473525  0.28866654E+02    0.201000  0.17490000E+01    0.201000
    2.87079167  0.32770063E+02    0.211000  0.23580000E+01    0.211000
    3.00684834  0.33736217E+02    0.221000  0.28110001E+01    0.221000
    3.14290476  0.33921245E+02    0.231000  0.32119999E+01    0.231000
    3.27896118  0.30078195E+02    0.241000  0.31900001E+01    0.241000
    3.41501737  0.23274653E+02    0.251000  0.27330000E+01    0.251000
    3.55107427  0.18735797E+02    0.261000  0.24130001E+01    0.261000
    3.68713069  0.16060460E+02    0.271000  0.22509999E+01    0.271000
    3.82318687  0.14030701E+02    0.281000  0.21259999E+01    0.281000
    3.95924377  0.12499089E+02    0.291000  0.20360000E+01    0.291000
    4.09530020  0.11310759E+02    0.301000  0.19710000E+01    0.301000
    4.23135662  0.10214095E+02    0.311000  0.18960000E+01    0.311000
    4.36741304  0.93049058E+01    0.321000  0.18329999E+01    0.321000
    4.50346947  0.84949193E+01    0.331000  0.17700000E+01    0.331000
    4.63952589  0.77823912E+01    0.341000  0.17100000E+01    0.341000
    4.77558279  0.73043921E+01    0.351000  0.16880000E+01    0.351000
    4.91163874  0.69000840E+01    0.361000  0.16730000E+01    0.361000
    5.04769516  0.65359274E+01    0.371000  0.16590000E+01    0.371000
    5.18375206  0.62859452E+01    0.381000  0.16670001E+01    0.381000
    5.31980848  0.60601285E+01    0.391000  0.16760000E+01    0.391000
    5.45586491  0.58695074E+01    0.401000  0.16900001E+01    0.401000
    5.59192133  0.57167526E+01    0.411000  0.17110000E+01    0.411000
    5.72797775  0.55816150E+01    0.421000  0.17340000E+01    0.421000
    5.86403418  0.54622280E+01    0.431000  0.17589999E+01    0.431000
    6.00009108  0.53569806E+01    0.441000  0.17860000E+01    0.441000
    6.13614750  0.52615741E+01    0.451000  0.18140000E+01    0.451000
    6.27220392  0.51750661E+01    0.461000  0.18430001E+01    0.461000
    6.40825987  0.50966304E+01    0.471000  0.18730000E+01    0.471000
    6.54431677  0.50229009E+01    0.481000  0.19030000E+01    0.481000
    6.68037319  0.49534672E+01    0.491000  0.19330000E+01    0.491000
    6.81642962  0.48929443E+01    0.501000  0.19650000E+01    0.501000
    6.95248604  0.48381746E+01    0.511000  0.19980000E+01    0.511000
    7.08854294  0.47863382E+01    0.521000  0.20309999E+01    0.521000
    7.22459936  0.47395030E+01    0.531000  0.20650001E+01    0.531000
    7.36065578  0.46972856E+01    0.541000  0.20999999E+01    0.541000
    7.49671221  0.46571623E+01    0.551000  0.21350000E+01    0.551000
    7.63276863  0.46211090E+01    0.561000  0.21710000E+01    0.561000
    7.76882458  0.45867591E+01    0.571000  0.22070000E+01    0.571000
    7.90488100  0.45560249E+01    0.581000  0.22440000E+01    0.581000
    8.04093838  0.45266767E+01    0.591000  0.22809999E+01    0.591000
    8.17699432  0.44966833E+01    0.601000  0.23169999E+01    0.601000
    8.31305122  0.44679847E+01    0.611000  0.23529999E+01    0.611000
    8.44910717  0.44404988E+01    0.621000  0.23889999E+01    0.621000
    8.58516407  0.44141504E+01    0.631000  0.24250000E+01    0.631000
    8.72122002  0.43870869E+01    0.641000  0.24600000E+01    0.641000
    8.85727692  0.43593501E+01    0.651000  0.24940000E+01    0.651000
    8.99333382  0.43326950E+01    0.661000  0.25280001E+01    0.661000
    9.12938976  0.43053771E+01    0.671000  0.25610001E+01    0.671000
    9.26544666  0.42774339E+01    0.681000  0.25929999E+01    0.681000
    9.40150261  0.42489006E+01    0.691000  0.26240001E+01    0.691000
    9.53755856  0.42213982E+01    0.701000  0.26550000E+01    0.701000
    9.67361641  0.41933103E+01    0.711000  0.26849999E+01    0.711000
    9.80967236  0.41662026E+01    0.721000  0.27149999E+01    0.721000
    9.94572926  0.41385163E+01    0.731000  0.27440000E+01    0.731000
   10.08178520  0.41117633E+01    0.741000  0.27730000E+01    0.741000
   10.21784115  0.40844391E+01    0.751000  0.28010001E+01    0.751000
   10.35389805  0.40580056E+01    0.761000  0.28290000E+01    0.761000
   10.48995495  0.40366542E+01    0.771000  0.28599999E+01    0.771000
   10.62601089  0.40048645E+01    0.781000  0.28829999E+01    0.781000
   10.76206779  0.39795336E+01    0.791000  0.29100001E+01    0.791000
   10.89812374  0.39536313E+01    0.801000  0.29360001E+01    0.801000
   11.03418064  0.39298362E+01    0.811000  0.29630001E+01    0.811000
   11.17023659  0.39054414E+01    0.821000  0.29890001E+01    0.821000
   11.30629349  0.38804730E+01    0.831000  0.30139999E+01    0.831000
   11.44235039  0.38574936E+01    0.841000  0.30400000E+01    0.841000
   11.57840633  0.38351681E+01    0.851000  0.30660000E+01    0.851000
   11.71446323  0.38122352E+01    0.861000  0.30910001E+01    0.861000
   11.85051918  0.37911527E+01    0.871000  0.31170001E+01    0.871000
   11.98657608  0.37694452E+01    0.881000  0.31420000E+01    0.881000
   12.12263203  0.37483222E+01    0.891000  0.31670001E+01    0.891000
   12.25868893  0.37289274E+01    0.901000  0.31930001E+01    0.901000
   12.39474583  0.37088883E+01    0.911000  0.32179999E+01    0.911000
   12.53080177  0.36893678E+01    0.921000  0.32430000E+01    0.921000
   12.66685867  0.36692224E+01    0.931000  0.32670000E+01    0.931000
   12.80291462  0.36518029E+01    0.941000  0.32930000E+01    0.941000
   12.93897057  0.36337221E+01    0.951000  0.33180001E+01    0.951000
   13.07502842  0.36160853E+01    0.961000  0.33429999E+01    0.961000
   13.21108437  0.35988775E+01    0.971000  0.33680000E+01    0.971000
   13.34714127  0.35810268E+01    0.981000  0.33920000E+01    0.981000
   13.48319721  0.35646428E+01    0.991000  0.34170001E+01    0.991000
   13.61925411  0.35486424E+01    1.001000  0.34419999E+01    1.001000
   13.75531101  0.35319941E+01    1.011000  0.34660001E+01    1.011000
   13.89136696  0.35157269E+01    1.021000  0.34900000E+01    1.021000
   14.02742290  0.34998280E+01    1.031000  0.35139999E+01    1.031000
   14.16347980  0.34842853E+01    1.041000  0.35380001E+01    1.041000
   14.29953575  0.34690865E+01    1.051000  0.35620000E+01    1.051000
   14.43559265  0.34542205E+01    1.061000  0.35860000E+01    1.061000
   14.57164860  0.34387238E+01    1.071000  0.36090000E+01    1.071000
   14.70770550  0.34235592E+01    1.081000  0.36320000E+01    1.081000
   14.84376144  0.34087161E+01    1.091000  0.36550000E+01    1.091000
   14.97981739  0.33941844E+01    1.101000  0.36780000E+01    1.101000
   15.11587429  0.33799544E+01    1.111000  0.37010000E+01    1.111000
   15.25193214  0.33651126E+01    1.121000  0.37230000E+01    1.121000
   15.38798809  0.33505729E+01    1.131000  0.37449999E+01    1.131000
   15.52404499  0.33363261E+01    1.141000  0.37670000E+01    1.141000
   15.66010094  0.33223633E+01    1.151000  0.37890000E+01    1.151000
   15.79615784  0.33078078E+01    1.161000  0.38099999E+01    1.161000
   15.93221378  0.32935370E+01    1.171000  0.38310001E+01    1.171000
   16.06826973  0.32795422E+01    1.181000  0.38520000E+01    1.181000
   16.20432663  0.32658157E+01    1.191000  0.38729999E+01    1.191000
   16.34038353  0.32515146E+01    1.201000  0.38929999E+01    1.201000
   16.47643852  0.32383100E+01    1.211000  0.39140000E+01    1.211000
   16.61249542  0.32245317E+01    1.221000  0.39340000E+01    1.221000
   16.74855232  0.32101958E+01    1.231000  0.39530001E+01    1.231000
   16.88460922  0.31969263E+01    1.241000  0.39730000E+01    1.241000
   17.02066612  0.31831005E+01    1.251000  0.39920001E+01    1.251000
   17.15672302  0.31695230E+01    1.261000  0.40110002E+01    1.261000
   17.29277992  0.31561872E+01    1.271000  0.40300002E+01    1.271000
   17.42883492  0.31430864E+01    1.281000  0.40489998E+01    1.281000
   17.56489182  0.31294458E+01    1.291000  0.40669999E+01    1.291000
   17.70094872  0.31160417E+01    1.301000  0.40850000E+01    1.301000
   17.83700371  0.31028680E+01    1.311000  0.41030002E+01    1.311000
   17.97306061  0.30899185E+01    1.321000  0.41209998E+01    1.321000
   18.10911751  0.30764449E+01    1.331000  0.41380000E+01    1.331000
   18.24517441  0.30639342E+01    1.341000  0.41560001E+01    1.341000
   18.38122940  0.30509001E+01    1.351000  0.41729999E+01    1.351000
   18.51728630  0.30380812E+01    1.361000  0.41900001E+01    1.361000
   18.65334511  0.30254713E+01    1.371000  0.42069998E+01    1.371000
   18.78940010  0.30123531E+01    1.381000  0.42230000E+01    1.381000
   18.92545700  0.29994457E+01    1.391000  0.42389998E+01    1.391000
   19.06151390  0.29874465E+01    1.401000  0.42560000E+01    1.401000
   19.19756889  0.29749405E+01    1.411000  0.42719998E+01    1.411000
   19.33362579  0.29619405E+01    1.421000  0.42870002E+01    1.421000
   19.46968269  0.29498282E+01    1.431000  0.43030000E+01    1.431000
   19.60573769  0.29379033E+01    1.441000  0.43189998E+01    1.441000
   19.74179459  0.29254867E+01    1.451000  0.43340001E+01    1.451000
   19.87785149  0.29132588E+01    1.461000  0.43490000E+01    1.461000
   20.01390839  0.29012158E+01    1.471000  0.43639998E+01    1.471000
   20.14996338  0.28893537E+01    1.481000  0.43790002E+01    1.481000
   20.28602219  0.28770128E+01    1.491000  0.43930001E+01    1.491000
   20.42207909  0.28655046E+01    1.501000  0.44080000E+01    1.501000
   20.55813408  0.28535199E+01    1.511000  0.44219999E+01    1.511000
   20.69419098  0.28417098E+01    1.521000  0.44359999E+01    1.521000
   20.83024788  0.28300705E+01    1.531000  0.44499998E+01    1.531000
   20.96630287  0.28185985E+01    1.541000  0.44640002E+01    1.541000
   21.10235977  0.28072897E+01    1.551000  0.44780002E+01    1.551000
   21.23841667  0.27961409E+01    1.561000  0.44920001E+01    1.561000
   21.37447357  0.27845308E+01    1.571000  0.45050001E+01    1.571000
   21.51052856  0.27730827E+01    1.581000  0.45180001E+01    1.581000
   21.64658546  0.27617932E+01    1.591000  0.45310001E+01    1.591000
   21.78264236  0.27506590E+01    1.601000  0.45440001E+01    1.601000
   21.91869736  0.27396770E+01    1.611000  0.45570002E+01    1.611000
   22.05475616  0.27288439E+01    1.621000  0.45700002E+01    1.621000
   22.19081306  0.27181571E+01    1.631000  0.45830002E+01    1.631000
   22.32686806  0.27070241E+01    1.641000  0.45949998E+01    1.641000
   22.46292496  0.26966246E+01    1.651000  0.46079998E+01    1.651000
   22.59898186  0.26857812E+01    1.661000  0.46199999E+01    1.661000
   22.73503876  0.26750803E+01    1.671000  0.46320000E+01    1.671000
   22.87109375  0.26645189E+01    1.681000  0.46440001E+01    1.681000
   23.00715065  0.26540943E+01    1.691000  0.46560001E+01    1.691000
   23.14320755  0.26438040E+01    1.701000  0.46680002E+01    1.701000
   23.27926254  0.26330824E+01    1.711000  0.46789999E+01    1.711000
   23.41531944  0.26230564E+01    1.721000  0.46910000E+01    1.721000
   23.55137634  0.26126016E+01    1.731000  0.47020001E+01    1.731000
   23.68743324  0.26028298E+01    1.741000  0.47140002E+01    1.741000
   23.82349014  0.25926312E+01    1.751000  0.47249999E+01    1.751000
   23.95954704  0.25825593E+01    1.761000  0.47360001E+01    1.761000
   24.09560394  0.25726115E+01    1.771000  0.47470002E+01    1.771000
   24.23165894  0.25627853E+01    1.781000  0.47579999E+01    1.781000
   24.36771584  0.25525436E+01    1.791000  0.47680001E+01    1.791000
   24.50377274  0.25429576E+01    1.801000  0.47789998E+01    1.801000
   24.63982773  0.25334871E+01    1.811000  0.47900000E+01    1.811000
   24.77588463  0.25236041E+01    1.821000  0.48000002E+01    1.821000
   24.91194153  0.25138383E+01    1.831000  0.48099999E+01    1.831000
   25.04799843  0.25047076E+01    1.841000  0.48210001E+01    1.841000
   25.18405342  0.24951673E+01    1.851000  0.48309999E+01    1.851000
   25.32011032  0.24857387E+01    1.861000  0.48410001E+01    1.861000
   25.45616913  0.24764192E+01    1.871000  0.48509998E+01    1.871000
   25.59222412  0.24672075E+01    1.881000  0.48610001E+01    1.881000
   25.72828102  0.24581013E+01    1.891000  0.48709998E+01    1.891000
   25.86433792  0.24485975E+01    1.901000  0.48800001E+01    1.901000
   26.00039291  0.24397001E+01    1.911000  0.48899999E+01    1.911000
   26.13644981  0.24304073E+01    1.921000  0.48990002E+01    1.921000
   26.27250671  0.24217117E+01    1.931000  0.49089999E+01    1.931000
   26.40856171  0.24126228E+01    1.941000  0.49180002E+01    1.941000
   26.54461861  0.24036344E+01    1.951000  0.49270000E+01    1.951000
   26.68067551  0.23947452E+01    1.961000  0.49359999E+01    1.961000
   26.81673241  0.23859537E+01    1.971000  0.49450002E+01    1.971000
   26.95278740  0.23772580E+01    1.981000  0.49540000E+01    1.981000
   27.08884621  0.23686564E+01    1.991000  0.49629998E+01    1.991000
   27.22490120  0.23601481E+01    2.001000  0.49720001E+01    2.001000
   27.36095619  0.23517308E+01    2.011000  0.49809999E+01    2.011000
   27.49701309  0.23429338E+01    2.021000  0.49889998E+01    2.021000
   27.63306999  0.23346976E+01    2.031000  0.49980001E+01    2.031000
   27.76912689  0.23260835E+01    2.041000  0.50060000E+01    2.041000
   27.90518570  0.23180218E+01    2.051000  0.50149999E+01    2.051000
   28.04124260  0.23095848E+01    2.061000  0.50229998E+01    2.061000
   28.17729759  0.23012359E+01    2.071000  0.50310001E+01    2.071000
   28.31335449  0.22929731E+01    2.081000  0.50390000E+01    2.081000
   28.44941139  0.22847953E+01    2.091000  0.50469999E+01    2.091000
   28.58546829  0.22767013E+01    2.101000  0.50549998E+01    2.101000
   28.72152328  0.22686899E+01    2.111000  0.50630002E+01    2.111000
   28.85758018  0.22607595E+01    2.121000  0.50710001E+01    2.121000
   28.99363708  0.22529091E+01    2.131000  0.50790000E+01    2.131000
   29.12969208  0.22451375E+01    2.141000  0.50869999E+01    2.141000
   29.26574898  0.22370043E+01    2.151000  0.50939999E+01    2.151000
   29.40180588  0.22293891E+01    2.161000  0.51020002E+01    2.161000
   29.53786278  0.22214141E+01    2.171000  0.51090002E+01    2.171000
   29.67391777  0.22139503E+01    2.181000  0.51170001E+01    2.181000
   29.80997467  0.22061289E+01    2.191000  0.51240001E+01    2.191000
   29.94603157  0.21983838E+01    2.201000  0.51310000E+01    2.201000
   30.08208656  0.21907137E+01    2.211000  0.51380000E+01    2.211000
   30.21814346  0.21835419E+01    2.221000  0.51459999E+01    2.221000
   30.35420036  0.21760168E+01    2.231000  0.51529999E+01    2.231000
   30.49025726  0.21685635E+01    2.241000  0.51599998E+01    2.241000
   30.62631226  0.21607628E+01    2.251000  0.51659999E+01    2.251000
   30.76236916  0.21534522E+01    2.261000  0.51729999E+01    2.261000
   30.89842606  0.21462105E+01    2.271000  0.51799998E+01    2.271000
   31.03448105  0.21390367E+01    2.281000  0.51869998E+01    2.281000
   31.17053795  0.21319298E+01    2.291000  0.51939998E+01    2.291000
   31.30659866  0.21244802E+01    2.301000  0.51999998E+01    2.301000
   31.44265366  0.21175063E+01    2.311000  0.52069998E+01    2.311000
   31.57871056  0.21101918E+01    2.321000  0.52129998E+01    2.321000
   31.71476746  0.21033473E+01    2.331000  0.52199998E+01    2.331000
   31.85082245  0.20961641E+01    2.341000  0.52259998E+01    2.341000
   31.98687935  0.20890460E+01    2.351000  0.52319999E+01    2.351000
   32.12293625  0.20823898E+01    2.361000  0.52389998E+01    2.361000
   32.25899124  0.20753978E+01    2.371000  0.52449999E+01    2.371000
   32.39505005  0.20684683E+01    2.381000  0.52509999E+01    2.381000
   32.53110504  0.20616007E+01    2.391000  0.52570000E+01    2.391000
   32.66716003  0.20547940E+01    2.401000  0.52630000E+01    2.401000
   32.80321884  0.20480475E+01    2.411000  0.52690001E+01    2.411000
   32.93927383  0.20413603E+01    2.421000  0.52750001E+01    2.421000
   33.07532883  0.20347317E+01    2.431000  0.52810001E+01    2.431000
   33.21138763  0.20277772E+01    2.441000  0.52859998E+01    2.441000
   33.34744263  0.20212651E+01    2.451000  0.52919998E+01    2.451000
   33.48349762  0.20148093E+01    2.461000  0.52979999E+01    2.461000
   33.61955643  0.20080305E+01    2.471000  0.53030000E+01    2.471000
   33.75561142  0.20016868E+01    2.481000  0.53090000E+01    2.481000
   33.89167023  0.19950218E+01    2.491000  0.53140001E+01    2.491000
   34.02772522  0.19887873E+01    2.501000  0.53200002E+01    2.501000
   34.16378021  0.19822331E+01    2.511000  0.53249998E+01    2.511000
   34.29983902  0.19761050E+01    2.521000  0.53309999E+01    2.521000
   34.43589401  0.19696592E+01    2.531000  0.53360000E+01    2.531000
   34.57194901  0.19632673E+01    2.541000  0.53410001E+01    2.541000
   34.70801163  0.19569284E+01    2.551000  0.53460002E+01    2.551000
   34.84406662  0.19506421E+01    2.561000  0.53509998E+01    2.561000
   34.98012161  0.19444077E+01    2.571000  0.53559999E+01    2.571000
   35.11618042  0.19385862E+01    2.581000  0.53620000E+01    2.581000
   35.25223541  0.19320922E+01    2.591000  0.53660002E+01    2.591000
   35.38829041  0.19260096E+01    2.601000  0.53709998E+01    2.601000
   35.52434921  0.19199765E+01    2.611000  0.53759999E+01    2.611000
   35.66040421  0.19139923E+01    2.621000  0.53810000E+01    2.621000
   35.79645920  0.19080562E+01    2.631000  0.53860002E+01    2.631000
   35.93251801  0.19021675E+01    2.641000  0.53909998E+01    2.641000
   36.06857300  0.18959747E+01    2.651000  0.53950000E+01    2.651000
   36.20462799  0.18901812E+01    2.661000  0.54000001E+01    2.661000
   36.34068680  0.18844335E+01    2.671000  0.54050002E+01    2.671000
   36.47674179  0.18783839E+01    2.681000  0.54089999E+01    2.681000
   36.61279678  0.18727278E+01    2.691000  0.54140000E+01    2.691000
   36.74885559  0.18667716E+01    2.701000  0.54180002E+01    2.701000
   36.88491058  0.18612048E+01    2.711000  0.54229999E+01    2.711000
   37.02096939  0.18553396E+01    2.721000  0.54270000E+01    2.721000
   37.15702438  0.18498604E+01    2.731000  0.54320002E+01    2.731000
   37.29307938  0.18440840E+01    2.741000  0.54359999E+01    2.741000
   37.42913818  0.18383522E+01    2.751000  0.54400001E+01    2.751000
   37.56519318  0.18326640E+01    2.761000  0.54439998E+01    2.761000
   37.70124817  0.18273548E+01    2.771000  0.54489999E+01    2.771000
   37.83730698  0.18217518E+01    2.781000  0.54530001E+01    2.781000
   37.97336197  0.18161910E+01    2.791000  0.54569998E+01    2.791000
   38.10942078  0.18106721E+01    2.801000  0.54610000E+01    2.801000
   38.24547958  0.18051949E+01    2.811000  0.54650002E+01    2.811000
   38.38153458  0.17997584E+01    2.821000  0.54689999E+01    2.821000
   38.51758957  0.17943627E+01    2.831000  0.54730000E+01    2.831000
   38.65364838  0.17890070E+01    2.841000  0.54770002E+01    2.841000
   38.78970337  0.17833654E+01    2.851000  0.54800000E+01    2.851000
   38.92575836  0.17780897E+01    2.861000  0.54840002E+01    2.861000
   39.06181717  0.17728526E+01    2.871000  0.54879999E+01    2.871000
   39.19787216  0.17676540E+01    2.881000  0.54920001E+01    2.881000
   39.33392715  0.17621725E+01    2.891000  0.54949999E+01    2.891000
   39.46998596  0.17570504E+01    2.901000  0.54990001E+01    2.901000
   39.60604095  0.17519653E+01    2.911000  0.55029998E+01    2.911000
   39.74209976  0.17465998E+01    2.921000  0.55060000E+01    2.921000
   39.87815475  0.17415889E+01    2.931000  0.55100002E+01    2.931000
   40.01420975  0.17362988E+01    2.941000  0.55130000E+01    2.941000
   40.15026855  0.17313603E+01    2.951000  0.55170002E+01    2.951000
   40.28632355  0.17261442E+01    2.961000  0.55200000E+01    2.961000
   40.42237854  0.17212768E+01    2.971000  0.55240002E+01    2.971000
   40.55843735  0.17161330E+01    2.981000  0.55270000E+01    2.981000
   40.69449234  0.17110256E+01    2.991000  0.55300002E+01    2.991000
   40.83054733  0.17062622E+01    3.001000  0.55339999E+01    3.001000
   40.96660614  0.17012250E+01    3.011000  0.55370002E+01    3.011000
   41.10266113  0.16962226E+01    3.021000  0.55400000E+01    3.021000
   41.23871613  0.16912551E+01    3.031000  0.55430002E+01    3.031000
   41.37477493  0.16863219E+01    3.041000  0.55460000E+01    3.041000
   41.51083374  0.16817255E+01    3.051000  0.55500002E+01    3.051000
   41.64688873  0.16768588E+01    3.061000  0.55530000E+01    3.061000
   41.78294754  0.16720256E+01    3.071000  0.55560002E+01    3.071000
   41.91900253  0.16672251E+01    3.081000  0.55590000E+01    3.081000
   42.05505753  0.16624572E+01    3.091000  0.55619998E+01    3.091000
   42.19111633  0.16577218E+01    3.101000  0.55650001E+01    3.101000
   42.32717133  0.16530182E+01    3.111000  0.55679998E+01    3.111000
   42.46323013  0.16480506E+01    3.121000  0.55700002E+01    3.121000
   42.59928513  0.16434109E+01    3.131000  0.55730000E+01    3.131000
   42.73534012  0.16388024E+01    3.141000  0.55760002E+01    3.141000
   42.87139893  0.16342245E+01    3.151000  0.55790000E+01    3.151000
   43.00745392  0.16296769E+01    3.161000  0.55819998E+01    3.161000
   43.14350891  0.16248686E+01    3.171000  0.55840001E+01    3.171000
   43.27956772  0.16203818E+01    3.181000  0.55869999E+01    3.181000
   43.41562271  0.16159247E+01    3.191000  0.55900002E+01    3.191000
   43.55167770  0.16112086E+01    3.201000  0.55920000E+01    3.201000
   43.68773651  0.16068104E+01    3.211000  0.55949998E+01    3.211000
   43.82379150  0.16021547E+01    3.221000  0.55970001E+01    3.221000
   43.95984650  0.15978144E+01    3.231000  0.55999999E+01    3.231000
   44.09590530  0.15932179E+01    3.241000  0.56020002E+01    3.241000
   44.23196030  0.15889343E+01    3.251000  0.56050000E+01    3.251000
   44.36801529  0.15843957E+01    3.261000  0.56069999E+01    3.261000
   44.50407410  0.15801680E+01    3.271000  0.56100001E+01    3.271000
   44.64012909  0.15756864E+01    3.281000  0.56120000E+01    3.281000
   44.77618790  0.15715131E+01    3.291000  0.56149998E+01    3.291000
   44.91224670  0.15670874E+01    3.301000  0.56170001E+01    3.301000
   45.04830170  0.15626896E+01    3.311000  0.56190000E+01    3.311000
   45.18435669  0.15583195E+01    3.321000  0.56209998E+01    3.321000
   45.32041550  0.15542534E+01    3.331000  0.56240001E+01    3.331000
   45.45647049  0.15499371E+01    3.341000  0.56259999E+01    3.341000
   45.59252930  0.15456478E+01    3.351000  0.56279998E+01    3.351000
   45.72858429  0.15413853E+01    3.361000  0.56300001E+01    3.361000
   45.86463928  0.15371491E+01    3.371000  0.56320000E+01    3.371000
   46.00069809  0.15332113E+01    3.381000  0.56350002E+01    3.381000
   46.13675308  0.15290265E+01    3.391000  0.56370001E+01    3.391000
   46.27280807  0.15248674E+01    3.401000  0.56389999E+01    3.401000
   46.40886688  0.15207337E+01    3.411000  0.56409998E+01    3.411000
   46.54492188  0.15166255E+01    3.421000  0.56430001E+01    3.421000
   46.68097687  0.15125421E+01    3.431000  0.56450000E+01    3.431000
   46.81703568  0.15084836E+01    3.441000  0.56469998E+01    3.441000
   46.95309067  0.15044497E+01    3.451000  0.56490002E+01    3.451000
   47.08914566  0.15004401E+01    3.461000  0.56510000E+01    3.461000
   47.22520447  0.14961899E+01    3.471000  0.56520000E+01    3.471000
   47.36125946  0.14922291E+01    3.481000  0.56539998E+01    3.481000
   47.49731827  0.14882921E+01    3.491000  0.56560001E+01    3.491000
   47.63337326  0.14843785E+01    3.501000  0.56580000E+01    3.501000
   47.76942825  0.14804881E+01    3.511000  0.56599998E+01    3.511000
   47.90548706  0.14766210E+01    3.521000  0.56620002E+01    3.521000
   48.04154205  0.14725165E+01    3.531000  0.56630001E+01    3.531000
   48.17759705  0.14686955E+01    3.541000  0.56650000E+01    3.541000
   48.31365967  0.14648969E+01    3.551000  0.56669998E+01    3.551000
   48.44971466  0.14608630E+01    3.561000  0.56680002E+01    3.561000
   48.58576965  0.14571095E+01    3.571000  0.56700001E+01    3.571000
   48.72182846  0.14533779E+01    3.581000  0.56719999E+01    3.581000
   48.85788345  0.14494125E+01    3.591000  0.56729999E+01    3.591000
   48.99393845  0.14457250E+01    3.601000  0.56750002E+01    3.601000
   49.12999725  0.14418045E+01    3.611000  0.56760001E+01    3.611000
   49.26605225  0.14381600E+01    3.621000  0.56780000E+01    3.621000
   49.40210724  0.14342838E+01    3.631000  0.56789999E+01    3.631000
   49.53816605  0.14306817E+01    3.641000  0.56810002E+01    3.641000
   49.67422104  0.14268490E+01    3.651000  0.56820002E+01    3.651000
   49.81027603  0.14232885E+01    3.661000  0.56840000E+01    3.661000
   49.94633484  0.14194986E+01    3.671000  0.56849999E+01    3.671000
   50.08238983  0.14157301E+01    3.681000  0.56859999E+01    3.681000
   50.21844482  0.14122312E+01    3.691000  0.56880002E+01    3.691000
   50.35450363  0.14085044E+01    3.701000  0.56890001E+01    3.701000
   50.49055862  0.14047984E+01    3.711000  0.56900001E+01    3.711000
   50.62661743  0.14013594E+01    3.721000  0.56919999E+01    3.721000
   50.76267242  0.13976941E+01    3.731000  0.56929998E+01    3.731000
   50.89872742  0.13940492E+01    3.741000  0.56939998E+01    3.741000
   51.03478622  0.13904246E+01    3.751000  0.56950002E+01    3.751000
   51.17084122  0.13870635E+01    3.761000  0.56970000E+01    3.761000
   51.30689621  0.13834781E+01    3.771000  0.56980000E+01    3.771000
   51.44295502  0.13799124E+01    3.781000  0.56989999E+01    3.781000
   51.57901001  0.13763664E+01    3.791000  0.56999998E+01    3.791000
   51.71506882  0.13728397E+01    3.801000  0.57010002E+01    3.801000
   51.85112762  0.13693323E+01    3.811000  0.57020001E+01    3.811000
   51.98718262  0.13658440E+01    3.821000  0.57030001E+01    3.821000
   52.12323761  0.13626135E+01    3.831000  0.57049999E+01    3.831000
   52.25929642  0.13591622E+01    3.841000  0.57059999E+01    3.841000
   52.39535141  0.13557296E+01    3.851000  0.57069998E+01    3.851000
   52.53140640  0.13523156E+01    3.861000  0.57080002E+01    3.861000
   52.66746521  0.13489199E+01    3.871000  0.57090001E+01    3.871000
   52.80352020  0.13455423E+01    3.881000  0.57100000E+01    3.881000
   52.93957520  0.13421828E+01    3.891000  0.57110000E+01    3.891000
   53.07563400  0.13388411E+01    3.901000  0.57119999E+01    3.901000
   53.21168900  0.13352835E+01    3.911000  0.57119999E+01    3.911000
   53.34774780  0.13319779E+01    3.921000  0.57129998E+01    3.921000
   53.48380280  0.13286898E+01    3.931000  0.57140002E+01    3.931000
   53.61985779  0.13254190E+01    3.941000  0.57150002E+01    3.941000
   53.75591660  0.13221654E+01    3.951000  0.57160001E+01    3.951000
   53.89197159  0.13189288E+01    3.961000  0.57170000E+01    3.961000
   54.02802658  0.13157092E+01    3.971000  0.57179999E+01    3.971000
   54.16408539  0.13122769E+01    3.981000  0.57179999E+01    3.981000
   54.30014038  0.13090914E+01    3.991000  0.57189999E+01    3.991000
   54.43619537  0.13059223E+01    4.001000  0.57199998E+01    4.001000
   54.57225800  0.13027697E+01    4.011000  0.57210002E+01    4.011000
   54.70830917  0.12994064E+01    4.021000  0.57210002E+01    4.021000
   54.84436798  0.12962867E+01    4.031000  0.57220001E+01    4.031000
   54.98042297  0.12931832E+01    4.041000  0.57230000E+01    4.041000
   55.11648178  0.12900954E+01    4.051000  0.57240000E+01    4.051000
   55.25253677  0.12867988E+01    4.061000  0.57240000E+01    4.061000
   55.38859558  0.12837431E+01    4.071000  0.57249999E+01    4.071000
   55.52464676  0.12807030E+01    4.081000  0.57259998E+01    4.081000
   55.66070557  0.12774551E+01    4.091000  0.57259998E+01    4.091000
   55.79676056  0.12744465E+01    4.101000  0.57270002E+01    4.101000
   55.93281937  0.12712308E+01    4.111000  0.57270002E+01    4.111000
   56.06887436  0.12682528E+01    4.121000  0.57280002E+01    4.121000
   56.20493317  0.12650688E+01    4.131000  0.57280002E+01    4.131000
   56.34098434  0.12621212E+01    4.141000  0.57290001E+01    4.141000
   56.47704697  0.12589685E+01    4.151000  0.57290001E+01    4.151000
   56.61309814  0.12560507E+01    4.161000  0.57300000E+01    4.161000
   56.74915695  0.12529287E+01    4.171000  0.57300000E+01    4.171000
   56.88521576  0.12500403E+01    4.181000  0.57309999E+01    4.181000
   57.02127075  0.12469487E+01    4.191000  0.57309999E+01    4.191000
   57.15732956  0.12440893E+01    4.201000  0.57319999E+01    4.201000
   57.29338455  0.12410276E+01    4.211000  0.57319999E+01    4.211000
   57.42944336  0.12379808E+01    4.221000  0.57319999E+01    4.221000
   57.56549454  0.12351645E+01    4.231000  0.57329998E+01    4.231000
   57.70155716  0.12321469E+01    4.241000  0.57329998E+01    4.241000
   57.83760834  0.12293587E+01    4.251000  0.57340002E+01    4.251000
   57.97366714  0.12263699E+01    4.261000  0.57340002E+01    4.261000
   58.10972214  0.12233957E+01    4.271000  0.57340002E+01    4.271000
   58.24578094  0.12206486E+01    4.281000  0.57350001E+01    4.281000
   58.38183594  0.12177026E+01    4.291000  0.57350001E+01    4.291000
   58.51789474  0.12147706E+01    4.301000  0.57350001E+01    4.301000
   58.65394592  0.12118529E+01    4.311000  0.57350001E+01    4.311000
   58.79000473  0.12091598E+01    4.321000  0.57360001E+01    4.321000
   58.92605972  0.12062694E+01    4.331000  0.57360001E+01    4.331000
   59.06211853  0.12033927E+01    4.341000  0.57360001E+01    4.341000
   59.19817352  0.12005298E+01    4.351000  0.57360001E+01    4.351000
   59.33423233  0.11976804E+01    4.361000  0.57360001E+01    4.361000
   59.47028351  0.11950528E+01    4.371000  0.57370000E+01    4.371000
   59.60634613  0.11922298E+01    4.381000  0.57370000E+01    4.381000
   59.74239731  0.11894202E+01    4.391000  0.57370000E+01    4.391000
   59.87845612  0.11866237E+01    4.401000  0.57370000E+01    4.401000
   60.01451111  0.11838404E+01    4.411000  0.57370000E+01    4.411000
   60.15056992  0.11810700E+01    4.421000  0.57370000E+01    4.421000
   60.28662872  0.11785179E+01    4.431000  0.57379999E+01    4.431000
   60.42268372  0.11757730E+01    4.441000  0.57379999E+01    4.441000
   60.55874252  0.11730407E+01    4.451000  0.57379999E+01    4.451000
   60.69479370  0.11703211E+01    4.461000  0.57379999E+01    4.461000
   60.83085632  0.11676141E+01    4.471000  0.57379999E+01    4.471000
   60.96690750  0.11649196E+01    4.481000  0.57379999E+01    4.481000
   61.10296631  0.11622375E+01    4.491000  0.57379999E+01    4.491000
   61.23902130  0.11595677E+01    4.501000  0.57379999E+01    4.501000
   61.37508011  0.11569101E+01    4.511000  0.57379999E+01    4.511000
   61.51113510  0.11542648E+01    4.521000  0.57379999E+01    4.521000
   61.64719391  0.11516314E+01    4.531000  0.57379999E+01    4.531000
   61.78324509  0.11490102E+01    4.541000  0.57379999E+01    4.541000
   61.91930771  0.11464007E+01    4.551000  0.57379999E+01    4.551000
   62.05535889  0.11438031E+01    4.561000  0.57379999E+01    4.561000
   62.19141769  0.11412172E+01    4.571000  0.57379999E+01    4.571000
   62.32747269  0.11386431E+01    4.581000  0.57379999E+01    4.581000
   62.46353149  0.11358824E+01    4.591000  0.57370000E+01    4.591000
   62.59958267  0.11333319E+01    4.601000  0.57370000E+01    4.601000
   62.73564529  0.11307926E+01    4.611000  0.57370000E+01    4.611000
   62.87169647  0.11282648E+01    4.621000  0.57370000E+01    4.621000
   63.00775528  0.11257481E+01    4.631000  0.57370000E+01    4.631000
   63.14381027  0.11232428E+01    4.641000  0.57370000E+01    4.641000
   63.27986908  0.11207485E+01    4.651000  0.57370000E+01    4.651000
   63.41592407  0.11180704E+01    4.661000  0.57360001E+01    4.661000
   63.55198288  0.11155986E+01    4.671000  0.57360001E+01    4.671000
   63.68804169  0.11131376E+01    4.681000  0.57360001E+01    4.681000
   63.82409286  0.11106876E+01    4.691000  0.57360001E+01    4.691000
   63.96015549  0.11082482E+01    4.701000  0.57360001E+01    4.701000
   64.09620667  0.11056269E+01    4.711000  0.57350001E+01    4.711000
   64.23226929  0.11032093E+01    4.721000  0.57350001E+01    4.721000
   64.36831665  0.11008023E+01    4.731000  0.57350001E+01    4.731000
   64.50437927  0.10984057E+01    4.741000  0.57350001E+01    4.741000
   64.64043427  0.10958286E+01    4.751000  0.57340002E+01    4.751000
   64.77648926  0.10934532E+01    4.761000  0.57340002E+01    4.761000
   64.91254425  0.10910881E+01    4.771000  0.57340002E+01    4.771000
   65.04860687  0.10885432E+01    4.781000  0.57329998E+01    4.781000
   65.18466187  0.10861990E+01    4.791000  0.57329998E+01    4.791000
   65.32071686  0.10838647E+01    4.801000  0.57329998E+01    4.801000
   65.45677185  0.10813518E+01    4.811000  0.57319999E+01    4.811000
   65.59282684  0.10790379E+01    4.821000  0.57319999E+01    4.821000
   65.72888184  0.10767339E+01    4.831000  0.57319999E+01    4.831000
   65.86494446  0.10742523E+01    4.841000  0.57309999E+01    4.841000
   66.00099945  0.10719683E+01    4.851000  0.57309999E+01    4.851000
   66.13705444  0.10696939E+01    4.861000  0.57309999E+01    4.861000
   66.27310944  0.10672430E+01    4.871000  0.57300000E+01    4.871000
   66.40917206  0.10649882E+01    4.881000  0.57300000E+01    4.881000
   66.54521942  0.10625575E+01    4.891000  0.57290001E+01    4.891000
   66.68128204  0.10603221E+01    4.901000  0.57290001E+01    4.901000
   66.81733704  0.10579114E+01    4.911000  0.57280002E+01    4.911000
   66.95339203  0.10556951E+01    4.921000  0.57280002E+01    4.921000
   67.08945465  0.10534880E+01    4.931000  0.57280002E+01    4.931000
   67.22550964  0.10511067E+01    4.941000  0.57270002E+01    4.941000
   67.36156464  0.10489183E+01    4.951000  0.57270002E+01    4.951000
   67.49761963  0.10465563E+01    4.961000  0.57259998E+01    4.961000
   67.63368225  0.10443865E+01    4.971000  0.57259998E+01    4.971000
   67.76972961  0.10420437E+01    4.981000  0.57249999E+01    4.981000
   67.90579224  0.10398922E+01    4.991000  0.57249999E+01    4.991000
