#            eV         sigma            Ry            om        Ry/z^2           in 10^-16
    2.08836085  0.00000000E+00    0.153492  0.00000000E+00    0.000000
    2.19050932  0.60543613E+01    0.161000  0.11080000E+01    0.161000
    2.32656598  0.11081640E+02    0.171000  0.21540000E+01    0.171000
    2.46262217  0.10629789E+02    0.181000  0.21870000E+01    0.181000
    2.59867883  0.96402940E+01    0.191000  0.20929999E+01    0.191000
    2.73473525  0.86048215E+01    0.201000  0.19660000E+01    0.201000
    2.87079167  0.75132317E+01    0.211000  0.18020000E+01    0.211000
    3.00684834  0.62895454E+01    0.221000  0.15800000E+01    0.221000
    3.14290476  0.50270868E+01    0.231000  0.13200001E+01    0.231000
    3.27896118  0.35361175E+01    0.241000  0.96869999E+00    0.241000
    3.41501737  0.29543148E+01    0.251000  0.84289998E+00    0.251000
    3.55107427  0.26304567E+01    0.261000  0.78039998E+00    0.261000
    3.68713069  0.23717276E+01    0.271000  0.73060000E+00    0.271000
    3.82318687  0.22099951E+01    0.281000  0.70590001E+00    0.281000
    3.95924377  0.20243093E+01    0.291000  0.66960001E+00    0.291000
    4.09530020  0.18915875E+01    0.301000  0.64719999E+00    0.301000
    4.23135662  0.17849391E+01    0.311000  0.63099998E+00    0.311000
    4.36741304  0.16753432E+01    0.321000  0.61129999E+00    0.321000
    4.50346947  0.16470544E+01    0.331000  0.61970001E+00    0.331000
    4.63952589  0.14380269E+01    0.341000  0.55739999E+00    0.341000
    4.77558279  0.13880344E+01    0.351000  0.55379999E+00    0.351000
    4.91163874  0.13249715E+01    0.361000  0.54369998E+00    0.361000
    5.04769516  0.12423069E+01    0.371000  0.52389997E+00    0.371000
    5.18375206  0.11974626E+01    0.381000  0.51859999E+00    0.381000
    5.31980848  0.11465872E+01    0.391000  0.50959998E+00    0.391000
    5.45586491  0.11017594E+01    0.401000  0.50220001E+00    0.401000
    5.59192133  0.10627518E+01    0.411000  0.49649999E+00    0.411000
    5.72797775  0.10301946E+01    0.421000  0.49300000E+00    0.421000
    5.86403418  0.10032304E+01    0.431000  0.49149999E+00    0.431000
    6.00009108  0.98127932E+00    0.441000  0.49190000E+00    0.441000
    6.13614750  0.96283761E+00    0.451000  0.49360001E+00    0.451000
    6.27220392  0.94729508E+00    0.461000  0.49640000E+00    0.461000
    6.40825987  0.93353324E+00    0.471000  0.49980000E+00    0.471000
    6.54431677  0.92089223E+00    0.481000  0.50349998E+00    0.481000
    6.68037319  0.90912455E+00    0.491000  0.50739998E+00    0.491000
    6.81642962  0.89835351E+00    0.501000  0.51160002E+00    0.501000
    6.95248604  0.88852039E+00    0.511000  0.51609999E+00    0.511000
    7.08854294  0.87906475E+00    0.521000  0.52060002E+00    0.521000
    7.22459936  0.87029666E+00    0.531000  0.52530003E+00    0.531000
    7.36065578  0.86217790E+00    0.541000  0.53020000E+00    0.541000
    7.49671221  0.85451352E+00    0.551000  0.53520000E+00    0.551000
    7.63276863  0.84727922E+00    0.561000  0.54030001E+00    0.561000
    7.76882458  0.83999012E+00    0.571000  0.54519999E+00    0.571000
    7.90488100  0.83355762E+00    0.581000  0.55049998E+00    0.581000
    8.04093838  0.82719392E+00    0.591000  0.55570000E+00    0.591000
    8.17699432  0.82104199E+00    0.601000  0.56089997E+00    0.601000
    8.31305122  0.81494751E+00    0.611000  0.56599998E+00    0.611000
    8.44910717  0.80904931E+00    0.621000  0.57110000E+00    0.621000
    8.58516407  0.80319862E+00    0.631000  0.57609999E+00    0.631000
    8.72122002  0.79739320E+00    0.641000  0.58099997E+00    0.641000
    8.85727692  0.79176615E+00    0.651000  0.58590001E+00    0.651000
    8.99333382  0.78604320E+00    0.661000  0.59060001E+00    0.661000
    9.12938976  0.78049083E+00    0.671000  0.59530002E+00    0.671000
    9.26544666  0.77535986E+00    0.681000  0.60020000E+00    0.681000
    9.40150261  0.76986820E+00    0.691000  0.60470003E+00    0.691000
    9.53755856  0.76453315E+00    0.701000  0.60920000E+00    0.701000
    9.67361641  0.75897693E+00    0.711000  0.61339998E+00    0.711000
    9.80967236  0.75430704E+00    0.721000  0.61820000E+00    0.721000
    9.94572926  0.74916315E+00    0.731000  0.62250000E+00    0.731000
   10.08178520  0.74415810E+00    0.741000  0.62680000E+00    0.741000
   10.21784115  0.73916918E+00    0.751000  0.63099998E+00    0.751000
   10.35389805  0.73431144E+00    0.761000  0.63520002E+00    0.761000
   10.48995495  0.72695517E+00    0.771000  0.63709998E+00    0.771000
   10.62601089  0.72463105E+00    0.781000  0.64330000E+00    0.781000
   10.76206779  0.72003010E+00    0.791000  0.64740002E+00    0.791000
   10.89812374  0.71532434E+00    0.801000  0.65130001E+00    0.801000
   11.03418064  0.71084312E+00    0.811000  0.65530002E+00    0.811000
   11.17023659  0.70636389E+00    0.821000  0.65920001E+00    0.821000
   11.30629349  0.70209835E+00    0.831000  0.66320002E+00    0.831000
   11.44235039  0.69772495E+00    0.841000  0.66700000E+00    0.841000
   11.57840633  0.69355778E+00    0.851000  0.67089999E+00    0.851000
   11.71446323  0.68877218E+00    0.861000  0.67409998E+00    0.861000
   11.85051918  0.68500552E+00    0.871000  0.67820001E+00    0.871000
   11.98657608  0.68102475E+00    0.881000  0.68199998E+00    0.881000
   12.12263203  0.67713339E+00    0.891000  0.68580002E+00    0.891000
   12.25868893  0.67332831E+00    0.901000  0.68959999E+00    0.901000
   12.39474583  0.66951029E+00    0.911000  0.69330001E+00    0.911000
   12.53080177  0.66587065E+00    0.921000  0.69709998E+00    0.921000
   12.66685867  0.66193127E+00    0.931000  0.70050001E+00    0.931000
   12.80291462  0.65863654E+00    0.941000  0.70450002E+00    0.941000
   12.93897057  0.65522606E+00    0.951000  0.70829999E+00    0.951000
   13.07502842  0.65179501E+00    0.961000  0.71200001E+00    0.961000
   13.21108437  0.64843462E+00    0.971000  0.71569997E+00    0.971000
   13.34714127  0.64514279E+00    0.981000  0.71939999E+00    0.981000
   13.48319721  0.64191739E+00    0.991000  0.72310001E+00    0.991000
   13.61925411  0.63866850E+00    1.001000  0.72670001E+00    1.001000
   13.75531101  0.63557095E+00    1.011000  0.73040003E+00    1.011000
   13.89136696  0.63253403E+00    1.021000  0.73409998E+00    1.021000
   14.02742290  0.62947072E+00    1.031000  0.73769999E+00    1.031000
   14.16347980  0.62646627E+00    1.041000  0.74129999E+00    1.041000
   14.29953575  0.62351899E+00    1.051000  0.74489999E+00    1.051000
   14.43559265  0.62054433E+00    1.061000  0.74839997E+00    1.061000
   14.57164860  0.61762528E+00    1.071000  0.75190002E+00    1.071000
   14.70770550  0.61476018E+00    1.081000  0.75540000E+00    1.081000
   14.84376144  0.61194761E+00    1.091000  0.75889999E+00    1.091000
   14.97981739  0.60910625E+00    1.101000  0.76230001E+00    1.101000
   15.11587429  0.60623685E+00    1.111000  0.76560003E+00    1.111000
   15.25193214  0.60341854E+00    1.121000  0.76889998E+00    1.121000
   15.38798809  0.60065017E+00    1.131000  0.77219999E+00    1.131000
   15.52404499  0.59785320E+00    1.141000  0.77539998E+00    1.141000
   15.66010094  0.59510484E+00    1.151000  0.77859998E+00    1.151000
   15.79615784  0.59232809E+00    1.161000  0.78170002E+00    1.161000
   15.93221378  0.58952357E+00    1.171000  0.78469998E+00    1.171000
   16.06826973  0.58676659E+00    1.181000  0.78770000E+00    1.181000
   16.20432663  0.58398203E+00    1.191000  0.79060000E+00    1.191000
   16.34038353  0.58124385E+00    1.201000  0.79350001E+00    1.201000
   16.47643852  0.57847822E+00    1.211000  0.79629999E+00    1.211000
   16.61249542  0.57568588E+00    1.221000  0.79900002E+00    1.221000
   16.74855232  0.57293886E+00    1.231000  0.80170000E+00    1.231000
   16.88460922  0.57016520E+00    1.241000  0.80430001E+00    1.241000
   17.02066612  0.56736560E+00    1.251000  0.80680001E+00    1.251000
   17.15672302  0.56461040E+00    1.261000  0.80930001E+00    1.261000
   17.29277992  0.56182933E+00    1.271000  0.81169999E+00    1.271000
   17.42883492  0.55902304E+00    1.281000  0.81400001E+00    1.281000
   17.56489182  0.55619206E+00    1.291000  0.81620002E+00    1.291000
   17.70094872  0.55340461E+00    1.301000  0.81840003E+00    1.301000
   17.83700371  0.55065963E+00    1.311000  0.82059997E+00    1.311000
   17.97306061  0.54782308E+00    1.321000  0.82260001E+00    1.321000
   18.10911751  0.54502912E+00    1.331000  0.82459998E+00    1.331000
   18.24517441  0.54221125E+00    1.341000  0.82650000E+00    1.341000
   18.38122940  0.53943509E+00    1.351000  0.82840002E+00    1.351000
   18.51728630  0.53663508E+00    1.361000  0.83020002E+00    1.361000
   18.65334511  0.53381170E+00    1.371000  0.83190000E+00    1.371000
   18.78940010  0.53102924E+00    1.381000  0.83359998E+00    1.381000
   18.92545700  0.52822358E+00    1.391000  0.83520001E+00    1.391000
   19.06151390  0.52545793E+00    1.401000  0.83679998E+00    1.401000
   19.19756889  0.52266916E+00    1.411000  0.83829999E+00    1.411000
   19.33362579  0.51985772E+00    1.421000  0.83969998E+00    1.421000
   19.46968269  0.51708557E+00    1.431000  0.84109998E+00    1.431000
   19.60573769  0.51429088E+00    1.441000  0.84240001E+00    1.441000
   19.74179459  0.51147403E+00    1.451000  0.84359998E+00    1.451000
   19.87785149  0.50869577E+00    1.461000  0.84480000E+00    1.461000
   20.01390839  0.50595529E+00    1.471000  0.84600002E+00    1.471000
   20.14996338  0.50319241E+00    1.481000  0.84710002E+00    1.481000
   20.28602219  0.50040753E+00    1.491000  0.84810001E+00    1.491000
   20.42207909  0.49765980E+00    1.501000  0.84909999E+00    1.501000
   20.55813408  0.49494844E+00    1.511000  0.85009998E+00    1.511000
   20.69419098  0.49221492E+00    1.521000  0.85100001E+00    1.521000
   20.83024788  0.48945964E+00    1.531000  0.85180002E+00    1.531000
   20.96630287  0.48674008E+00    1.541000  0.85259998E+00    1.541000
   21.10235977  0.48399889E+00    1.551000  0.85329998E+00    1.551000
   21.23841667  0.48129283E+00    1.561000  0.85399997E+00    1.561000
   21.37447357  0.47862124E+00    1.571000  0.85470003E+00    1.571000
   21.51052856  0.47592777E+00    1.581000  0.85530001E+00    1.581000
   21.64658546  0.47326816E+00    1.591000  0.85589999E+00    1.591000
   21.78264236  0.47058684E+00    1.601000  0.85640001E+00    1.601000
   21.91869736  0.46793878E+00    1.611000  0.85689998E+00    1.611000
   22.05475616  0.46532339E+00    1.621000  0.85740000E+00    1.621000
   22.19081306  0.46268615E+00    1.631000  0.85780001E+00    1.631000
   22.32686806  0.46008106E+00    1.641000  0.85820001E+00    1.641000
   22.46292496  0.45745424E+00    1.651000  0.85850000E+00    1.651000
   22.59898186  0.45485904E+00    1.661000  0.85879999E+00    1.661000
   22.73503876  0.45229490E+00    1.671000  0.85909998E+00    1.671000
   22.87109375  0.44976127E+00    1.681000  0.85939997E+00    1.681000
   23.00715065  0.44720560E+00    1.691000  0.85960001E+00    1.691000
   23.14320755  0.44467996E+00    1.701000  0.85979998E+00    1.701000
   23.27926254  0.44213244E+00    1.711000  0.85990000E+00    1.711000
   23.41531944  0.43961452E+00    1.721000  0.86000001E+00    1.721000
   23.55137634  0.43712567E+00    1.731000  0.86009997E+00    1.731000
   23.68743324  0.43466541E+00    1.741000  0.86019999E+00    1.741000
   23.82349014  0.43218303E+00    1.751000  0.86019999E+00    1.751000
   23.95954704  0.42977880E+00    1.761000  0.86030000E+00    1.761000
   24.09560394  0.42730236E+00    1.771000  0.86019999E+00    1.771000
   24.23165894  0.42490314E+00    1.781000  0.86019999E+00    1.781000
   24.36771584  0.42253071E+00    1.791000  0.86019999E+00    1.791000
   24.50377274  0.42013576E+00    1.801000  0.86009997E+00    1.801000
   24.63982773  0.41776730E+00    1.811000  0.86000001E+00    1.811000
   24.77588463  0.41537650E+00    1.821000  0.85979998E+00    1.821000
   24.91194153  0.41305990E+00    1.831000  0.85970002E+00    1.831000
   25.04799843  0.41072064E+00    1.841000  0.85949999E+00    1.841000
   25.18405342  0.40840669E+00    1.851000  0.85930002E+00    1.851000
   25.32011032  0.40611757E+00    1.861000  0.85909998E+00    1.861000
   25.45616913  0.40385293E+00    1.871000  0.85890001E+00    1.871000
   25.59222412  0.40161237E+00    1.881000  0.85869998E+00    1.881000
   25.72828102  0.39934900E+00    1.891000  0.85839999E+00    1.891000
   25.86433792  0.39710944E+00    1.901000  0.85810000E+00    1.901000
   26.00039291  0.39489332E+00    1.911000  0.85780001E+00    1.911000
   26.13644981  0.39270027E+00    1.921000  0.85750002E+00    1.921000
   26.27250671  0.39052994E+00    1.931000  0.85720003E+00    1.931000
   26.40856171  0.38833664E+00    1.941000  0.85680002E+00    1.941000
   26.54461861  0.38621092E+00    1.951000  0.85650003E+00    1.951000
   26.68067551  0.38406201E+00    1.961000  0.85610002E+00    1.961000
   26.81673241  0.38193491E+00    1.971000  0.85570002E+00    1.971000
   26.95278740  0.37982928E+00    1.981000  0.85530001E+00    1.981000
   27.08884621  0.37774478E+00    1.991000  0.85490000E+00    1.991000
   27.22490120  0.37568117E+00    2.001000  0.85450000E+00    2.001000
   27.36095619  0.37363805E+00    2.011000  0.85409999E+00    2.011000
   27.49701309  0.37157164E+00    2.021000  0.85360003E+00    2.021000
   27.63306999  0.36956887E+00    2.031000  0.85320002E+00    2.031000
   27.76912689  0.36754262E+00    2.041000  0.85270000E+00    2.041000
   27.90518570  0.36553609E+00    2.051000  0.85219997E+00    2.051000
   28.04124260  0.36359179E+00    2.061000  0.85180002E+00    2.061000
   28.17729759  0.36162375E+00    2.071000  0.85130000E+00    2.071000
   28.31335449  0.35967463E+00    2.081000  0.85079998E+00    2.081000
   28.44941139  0.35770209E+00    2.091000  0.85020000E+00    2.091000
   28.58546829  0.35579019E+00    2.101000  0.84969997E+00    2.101000
   28.72152328  0.35389643E+00    2.111000  0.84920001E+00    2.111000
   28.85758018  0.35202049E+00    2.121000  0.84869999E+00    2.121000
   28.99363708  0.35012090E+00    2.131000  0.84810001E+00    2.131000
   29.12969208  0.34828013E+00    2.141000  0.84759998E+00    2.141000
   29.26574898  0.34641559E+00    2.151000  0.84700000E+00    2.151000
   29.40180588  0.34456831E+00    2.161000  0.84640002E+00    2.161000
   29.53786278  0.34277855E+00    2.171000  0.84590000E+00    2.171000
   29.67391777  0.34096488E+00    2.181000  0.84530002E+00    2.181000
   29.80997467  0.33916774E+00    2.191000  0.84469998E+00    2.191000
   29.94603157  0.33738696E+00    2.201000  0.84410000E+00    2.201000
   30.08208656  0.33562229E+00    2.211000  0.84350002E+00    2.211000
   30.21814346  0.33387348E+00    2.221000  0.84289998E+00    2.221000
   30.35420036  0.33214037E+00    2.231000  0.84230000E+00    2.231000
   30.49025726  0.33042274E+00    2.241000  0.84170002E+00    2.241000
   30.62631226  0.32872034E+00    2.251000  0.84109998E+00    2.251000
   30.76236916  0.32703302E+00    2.261000  0.84050000E+00    2.261000
   30.89842606  0.32536056E+00    2.271000  0.83990002E+00    2.271000
   31.03448105  0.32370274E+00    2.281000  0.83929998E+00    2.281000
   31.17053795  0.32202101E+00    2.291000  0.83859998E+00    2.291000
   31.30659866  0.32039211E+00    2.301000  0.83800000E+00    2.301000
   31.44265366  0.31877733E+00    2.311000  0.83740002E+00    2.311000
   31.57871056  0.31713856E+00    2.321000  0.83670002E+00    2.321000
   31.71476746  0.31555158E+00    2.331000  0.83609998E+00    2.331000
   31.85082245  0.31394059E+00    2.341000  0.83539999E+00    2.341000
   31.98687935  0.31238073E+00    2.351000  0.83480000E+00    2.351000
   32.12293625  0.31079681E+00    2.361000  0.83410001E+00    2.361000
   32.25899124  0.30922626E+00    2.371000  0.83340001E+00    2.371000
   32.39505005  0.30770583E+00    2.381000  0.83279997E+00    2.381000
   32.53110504  0.30616135E+00    2.391000  0.83209997E+00    2.391000
   32.66716003  0.30462972E+00    2.401000  0.83139998E+00    2.401000
   32.80321884  0.30314730E+00    2.411000  0.83080000E+00    2.411000
   32.93927383  0.30164078E+00    2.421000  0.83010000E+00    2.421000
   33.07532883  0.30014665E+00    2.431000  0.82940000E+00    2.431000
   33.21138763  0.29866477E+00    2.441000  0.82870001E+00    2.441000
   33.34744263  0.29723088E+00    2.451000  0.82810003E+00    2.451000
   33.48349762  0.29577288E+00    2.461000  0.82740003E+00    2.461000
   33.61955643  0.29432667E+00    2.471000  0.82669997E+00    2.471000
   33.75561142  0.29289214E+00    2.481000  0.82599998E+00    2.481000
   33.89167023  0.29146912E+00    2.491000  0.82529998E+00    2.491000
   34.02772522  0.29005748E+00    2.501000  0.82459998E+00    2.501000
   34.16378021  0.28869213E+00    2.511000  0.82400000E+00    2.511000
   34.29983902  0.28730271E+00    2.521000  0.82330000E+00    2.521000
   34.43589401  0.28592426E+00    2.531000  0.82260001E+00    2.531000
   34.57194901  0.28455667E+00    2.541000  0.82190001E+00    2.541000
   34.70801163  0.28319977E+00    2.551000  0.82120001E+00    2.551000
   34.84406662  0.28185350E+00    2.561000  0.82050002E+00    2.561000
   34.98012161  0.28051770E+00    2.571000  0.81980002E+00    2.571000
   35.11618042  0.27919224E+00    2.581000  0.81910002E+00    2.581000
   35.25223541  0.27787702E+00    2.591000  0.81840003E+00    2.591000
   35.38829041  0.27657192E+00    2.601000  0.81770003E+00    2.601000
   35.52434921  0.27527679E+00    2.611000  0.81699997E+00    2.611000
   35.66040421  0.27399156E+00    2.621000  0.81629997E+00    2.621000
   35.79645920  0.27271610E+00    2.631000  0.81559998E+00    2.631000
   35.93251801  0.27145030E+00    2.641000  0.81489998E+00    2.641000
   36.06857300  0.27019405E+00    2.651000  0.81419998E+00    2.651000
   36.20462799  0.26894725E+00    2.661000  0.81349999E+00    2.661000
   36.34068680  0.26770978E+00    2.671000  0.81279999E+00    2.671000
   36.47674179  0.26648154E+00    2.681000  0.81209999E+00    2.681000
   36.61279678  0.26526243E+00    2.691000  0.81140000E+00    2.691000
   36.74885559  0.26405234E+00    2.701000  0.81070000E+00    2.701000
   36.88491058  0.26285118E+00    2.711000  0.81000000E+00    2.711000
   37.02096939  0.26165886E+00    2.721000  0.80930001E+00    2.721000
   37.15702438  0.26047526E+00    2.731000  0.80860001E+00    2.731000
   37.29307938  0.25930030E+00    2.741000  0.80790001E+00    2.741000
   37.42913818  0.25813388E+00    2.751000  0.80720001E+00    2.751000
   37.56519318  0.25697591E+00    2.761000  0.80650002E+00    2.761000
   37.70124817  0.25582630E+00    2.771000  0.80580002E+00    2.771000
   37.83730698  0.25468496E+00    2.781000  0.80510002E+00    2.781000
   37.97336197  0.25352027E+00    2.791000  0.80430001E+00    2.791000
   38.10942078  0.25239529E+00    2.801000  0.80360001E+00    2.801000
   38.24547958  0.25127833E+00    2.811000  0.80290002E+00    2.811000
   38.38153458  0.25016929E+00    2.821000  0.80220002E+00    2.821000
   38.51758957  0.24906809E+00    2.831000  0.80150002E+00    2.831000
   38.65364838  0.24797464E+00    2.841000  0.80080003E+00    2.841000
   38.78970337  0.24688886E+00    2.851000  0.80010003E+00    2.851000
   38.92575836  0.24581065E+00    2.861000  0.79939997E+00    2.861000
   39.06181717  0.24473997E+00    2.871000  0.79869998E+00    2.871000
   39.19787216  0.24367672E+00    2.881000  0.79799998E+00    2.881000
   39.33392715  0.24262083E+00    2.891000  0.79729998E+00    2.891000
   39.46998596  0.24157222E+00    2.901000  0.79659998E+00    2.901000
   39.60604095  0.24053081E+00    2.911000  0.79589999E+00    2.911000
   39.74209976  0.23949654E+00    2.921000  0.79519999E+00    2.921000
   39.87815475  0.23846932E+00    2.931000  0.79449999E+00    2.931000
   40.01420975  0.23744909E+00    2.941000  0.79380000E+00    2.941000
   40.15026855  0.23643577E+00    2.951000  0.79310000E+00    2.951000
   40.28632355  0.23542929E+00    2.961000  0.79240000E+00    2.961000
   40.42237854  0.23442959E+00    2.971000  0.79170001E+00    2.971000
   40.55843735  0.23343660E+00    2.981000  0.79100001E+00    2.981000
   40.69449234  0.23245025E+00    2.991000  0.79030001E+00    2.991000
   40.83054733  0.23147047E+00    3.001000  0.78960001E+00    3.001000
   40.96660614  0.23049720E+00    3.011000  0.78890002E+00    3.011000
   41.10266113  0.22953037E+00    3.021000  0.78820002E+00    3.021000
   41.23871613  0.22856992E+00    3.031000  0.78750002E+00    3.031000
   41.37477493  0.22761579E+00    3.041000  0.78680003E+00    3.041000
   41.51083374  0.22666788E+00    3.051000  0.78609997E+00    3.051000
   41.64688873  0.22572620E+00    3.061000  0.78539997E+00    3.061000
   41.78294754  0.22479065E+00    3.071000  0.78469998E+00    3.071000
   41.91900253  0.22386117E+00    3.081000  0.78399998E+00    3.081000
   42.05505753  0.22293771E+00    3.091000  0.78329998E+00    3.091000
   42.19111633  0.22202020E+00    3.101000  0.78259999E+00    3.101000
   42.32717133  0.22113687E+00    3.111000  0.78200001E+00    3.111000
   42.46323013  0.22023102E+00    3.121000  0.78130001E+00    3.121000
   42.59928513  0.21933095E+00    3.131000  0.78060001E+00    3.131000
   42.73534012  0.21843661E+00    3.141000  0.77990001E+00    3.141000
   42.87139893  0.21754794E+00    3.151000  0.77920002E+00    3.151000
   43.00745392  0.21666490E+00    3.161000  0.77850002E+00    3.161000
   43.14350891  0.21578743E+00    3.171000  0.77780002E+00    3.171000
   43.27956772  0.21491547E+00    3.181000  0.77710003E+00    3.181000
   43.41562271  0.21407654E+00    3.191000  0.77649999E+00    3.191000
   43.55167770  0.21321538E+00    3.201000  0.77579999E+00    3.201000
   43.68773651  0.21235958E+00    3.211000  0.77509999E+00    3.211000
   43.82379150  0.21150910E+00    3.221000  0.77440000E+00    3.221000
   43.95984650  0.21066388E+00    3.231000  0.77370000E+00    3.231000
   44.09590530  0.20982388E+00    3.241000  0.77300000E+00    3.241000
   44.23196030  0.20898904E+00    3.251000  0.77230000E+00    3.251000
   44.36801529  0.20818631E+00    3.261000  0.77170002E+00    3.261000
   44.50407410  0.20736158E+00    3.271000  0.77100003E+00    3.271000
   44.64012909  0.20654187E+00    3.281000  0.77029997E+00    3.281000
   44.77618790  0.20572715E+00    3.291000  0.76959997E+00    3.291000
   44.91224670  0.20491735E+00    3.301000  0.76889998E+00    3.301000
   45.04830170  0.20413904E+00    3.311000  0.76830000E+00    3.311000
   45.18435669  0.20333892E+00    3.321000  0.76760000E+00    3.321000
   45.32041550  0.20254360E+00    3.331000  0.76690000E+00    3.331000
   45.45647049  0.20175304E+00    3.341000  0.76620001E+00    3.341000
   45.59252930  0.20096721E+00    3.351000  0.76550001E+00    3.351000
   45.72858429  0.20021222E+00    3.361000  0.76490003E+00    3.361000
   45.86463928  0.19943560E+00    3.371000  0.76419997E+00    3.371000
   46.00069809  0.19866359E+00    3.381000  0.76349998E+00    3.381000
   46.13675308  0.19792208E+00    3.391000  0.76289999E+00    3.391000
   46.27280807  0.19715906E+00    3.401000  0.76220000E+00    3.401000
   46.40886688  0.19640051E+00    3.411000  0.76150000E+00    3.411000
   46.54492188  0.19567212E+00    3.421000  0.76090002E+00    3.421000
   46.68097687  0.19492233E+00    3.431000  0.76020002E+00    3.431000
   46.81703568  0.19417690E+00    3.441000  0.75950003E+00    3.441000
   46.95309067  0.19346126E+00    3.451000  0.75889999E+00    3.451000
   47.08914566  0.19272436E+00    3.461000  0.75819999E+00    3.461000
   47.22520447  0.19199170E+00    3.471000  0.75749999E+00    3.471000
   47.36125946  0.19128853E+00    3.481000  0.75690001E+00    3.481000
   47.49731827  0.19056418E+00    3.491000  0.75620002E+00    3.491000
   47.63337326  0.18986909E+00    3.501000  0.75559998E+00    3.501000
   47.76942825  0.18915291E+00    3.511000  0.75489998E+00    3.511000
   47.90548706  0.18844080E+00    3.521000  0.75419998E+00    3.521000
   48.04154205  0.18775764E+00    3.531000  0.75360000E+00    3.531000
   48.17759705  0.18705349E+00    3.541000  0.75290000E+00    3.541000
   48.31365967  0.18637807E+00    3.551000  0.75230002E+00    3.551000
   48.44971466  0.18568175E+00    3.561000  0.75160003E+00    3.561000
   48.58576965  0.18501396E+00    3.571000  0.75099999E+00    3.571000
   48.72182846  0.18432534E+00    3.581000  0.75029999E+00    3.581000
   48.85788345  0.18364055E+00    3.591000  0.74959999E+00    3.591000
   48.99393845  0.18298400E+00    3.601000  0.74900001E+00    3.601000
   49.12999725  0.18230673E+00    3.611000  0.74830002E+00    3.611000
   49.26605225  0.18165747E+00    3.621000  0.74769998E+00    3.621000
   49.40210724  0.18098758E+00    3.631000  0.74699998E+00    3.631000
   49.53816605  0.18034553E+00    3.641000  0.74640000E+00    3.641000
   49.67422104  0.17968290E+00    3.651000  0.74570000E+00    3.651000
   49.81027603  0.17904792E+00    3.661000  0.74510002E+00    3.661000
   49.94633484  0.17841639E+00    3.671000  0.74449998E+00    3.671000
   50.08238983  0.17776440E+00    3.681000  0.74379998E+00    3.681000
   50.21844482  0.17713978E+00    3.691000  0.74320000E+00    3.691000
   50.35450363  0.17649476E+00    3.701000  0.74250001E+00    3.701000
   50.49055862  0.17587693E+00    3.711000  0.74190003E+00    3.711000
   50.62661743  0.17523876E+00    3.721000  0.74119997E+00    3.721000
   50.76267242  0.17462760E+00    3.731000  0.74059999E+00    3.731000
   50.89872742  0.17401972E+00    3.741000  0.74000001E+00    3.741000
   51.03478622  0.17339161E+00    3.751000  0.73930001E+00    3.751000
   51.17084122  0.17279023E+00    3.761000  0.73869997E+00    3.761000
   51.30689621  0.17216872E+00    3.771000  0.73799998E+00    3.771000
   51.44295502  0.17157377E+00    3.781000  0.73740000E+00    3.781000
   51.57901001  0.17098196E+00    3.791000  0.73680001E+00    3.791000
   51.71506882  0.17037010E+00    3.801000  0.73610002E+00    3.801000
   51.85112762  0.16978454E+00    3.811000  0.73549998E+00    3.811000
   51.98718262  0.16920205E+00    3.821000  0.73490000E+00    3.821000
   52.12323761  0.16859964E+00    3.831000  0.73420000E+00    3.831000
   52.25929642  0.16802328E+00    3.841000  0.73360002E+00    3.841000
   52.39535141  0.16744989E+00    3.851000  0.73299998E+00    3.851000
   52.53140640  0.16685670E+00    3.861000  0.73229998E+00    3.861000
   52.66746521  0.16628930E+00    3.871000  0.73170000E+00    3.871000
   52.80352020  0.16572483E+00    3.881000  0.73110002E+00    3.881000
   52.93957520  0.16516324E+00    3.891000  0.73049998E+00    3.891000
   53.07563400  0.16458200E+00    3.901000  0.72979999E+00    3.901000
   53.21168900  0.16402622E+00    3.911000  0.72920001E+00    3.911000
   53.34774780  0.16347328E+00    3.921000  0.72860003E+00    3.921000
   53.48380280  0.16292314E+00    3.931000  0.72799999E+00    3.931000
   53.61985779  0.16235347E+00    3.941000  0.72729999E+00    3.941000
   53.75591660  0.16180896E+00    3.951000  0.72670001E+00    3.951000
   53.89197159  0.16126720E+00    3.961000  0.72610003E+00    3.961000
   54.02802658  0.16072815E+00    3.971000  0.72549999E+00    3.971000
   54.16408539  0.16019183E+00    3.981000  0.72490001E+00    3.981000
   54.30014038  0.15963615E+00    3.991000  0.72420001E+00    3.991000
   54.43619537  0.15910522E+00    4.001000  0.72359997E+00    4.001000
   54.57225800  0.15857694E+00    4.011000  0.72299999E+00    4.011000
   54.70830917  0.15805131E+00    4.021000  0.72240001E+00    4.021000
   54.84436798  0.15752827E+00    4.031000  0.72180003E+00    4.031000
   54.98042297  0.15700783E+00    4.041000  0.72119999E+00    4.041000
   55.11648178  0.15648995E+00    4.051000  0.72060001E+00    4.051000
   55.25253677  0.15595297E+00    4.061000  0.71990001E+00    4.061000
   55.38859558  0.15544021E+00    4.071000  0.71929997E+00    4.071000
   55.52464676  0.15492999E+00    4.081000  0.71869999E+00    4.081000
   55.66070557  0.15442225E+00    4.091000  0.71810001E+00    4.091000
   55.79676056  0.15391699E+00    4.101000  0.71749997E+00    4.101000
   55.93281937  0.15341419E+00    4.111000  0.71689999E+00    4.111000
   56.06887436  0.15291384E+00    4.121000  0.71630001E+00    4.121000
   56.20493317  0.15241588E+00    4.131000  0.71569997E+00    4.131000
   56.34098434  0.15192036E+00    4.141000  0.71509999E+00    4.141000
   56.47704697  0.15142721E+00    4.151000  0.71450001E+00    4.151000
   56.61309814  0.15093645E+00    4.161000  0.71390003E+00    4.161000
   56.74915695  0.15044801E+00    4.171000  0.71329999E+00    4.171000
   56.88521576  0.14996192E+00    4.181000  0.71270001E+00    4.181000
   57.02127075  0.14947817E+00    4.191000  0.71210003E+00    4.191000
   57.15732956  0.14899669E+00    4.201000  0.71149999E+00    4.201000
   57.29338455  0.14851753E+00    4.211000  0.71090001E+00    4.211000
   57.42944336  0.14804062E+00    4.221000  0.71030003E+00    4.221000
   57.56549454  0.14756597E+00    4.231000  0.70969999E+00    4.231000
   57.70155716  0.14709355E+00    4.241000  0.70910001E+00    4.241000
   57.83760834  0.14662337E+00    4.251000  0.70850003E+00    4.251000
   57.97366714  0.14615537E+00    4.261000  0.70789999E+00    4.261000
   58.10972214  0.14568959E+00    4.271000  0.70730001E+00    4.271000
   58.24578094  0.14522597E+00    4.281000  0.70670003E+00    4.281000
   58.38183594  0.14476452E+00    4.291000  0.70609999E+00    4.291000
   58.51789474  0.14430521E+00    4.301000  0.70550001E+00    4.301000
   58.65394592  0.14386844E+00    4.311000  0.70499998E+00    4.311000
   58.79000473  0.14341332E+00    4.321000  0.70440000E+00    4.321000
   58.92605972  0.14296033E+00    4.331000  0.70380002E+00    4.331000
   59.06211853  0.14250939E+00    4.341000  0.70319998E+00    4.341000
   59.19817352  0.14206056E+00    4.351000  0.70260000E+00    4.351000
   59.33423233  0.14161376E+00    4.361000  0.70200002E+00    4.361000
   59.47028351  0.14116902E+00    4.371000  0.70139998E+00    4.371000
   59.60634613  0.14074638E+00    4.381000  0.70090002E+00    4.381000
   59.74239731  0.14030564E+00    4.391000  0.70029998E+00    4.391000
   59.87845612  0.13986689E+00    4.401000  0.69970000E+00    4.401000
   60.01451111  0.13943015E+00    4.411000  0.69910002E+00    4.411000
   60.15056992  0.13899536E+00    4.421000  0.69849998E+00    4.421000
   60.28662872  0.13858240E+00    4.431000  0.69800001E+00    4.431000
   60.42268372  0.13815149E+00    4.441000  0.69739997E+00    4.441000
   60.55874252  0.13772252E+00    4.451000  0.69679999E+00    4.451000
   60.69479370  0.13729548E+00    4.461000  0.69620001E+00    4.461000
   60.83085632  0.13689000E+00    4.471000  0.69569999E+00    4.471000
   60.96690750  0.13646673E+00    4.481000  0.69510001E+00    4.481000
   61.10296631  0.13604533E+00    4.491000  0.69450003E+00    4.491000
   61.23902130  0.13562580E+00    4.501000  0.69389999E+00    4.501000
   61.37508011  0.13522763E+00    4.511000  0.69340003E+00    4.511000
   61.51113510  0.13481177E+00    4.521000  0.69279999E+00    4.521000
   61.64719391  0.13439774E+00    4.531000  0.69220001E+00    4.531000
   61.78324509  0.13400491E+00    4.541000  0.69169998E+00    4.541000
   61.91930771  0.13359447E+00    4.551000  0.69110000E+00    4.551000
   62.05535889  0.13318584E+00    4.561000  0.69050002E+00    4.561000
   62.19141769  0.13279823E+00    4.571000  0.69000000E+00    4.571000
   62.32747269  0.13239313E+00    4.581000  0.68940002E+00    4.581000
   62.46353149  0.13198976E+00    4.591000  0.68879998E+00    4.591000
   62.59958267  0.13160730E+00    4.601000  0.68830001E+00    4.601000
   62.73564529  0.13120739E+00    4.611000  0.68769997E+00    4.611000
   62.87169647  0.13080924E+00    4.621000  0.68709999E+00    4.621000
   63.00775528  0.13043179E+00    4.631000  0.68660003E+00    4.631000
   63.14381027  0.13003701E+00    4.641000  0.68599999E+00    4.641000
   63.27986908  0.12966285E+00    4.651000  0.68550003E+00    4.651000
   63.41592407  0.12927142E+00    4.661000  0.68489999E+00    4.661000
   63.55198288  0.12888166E+00    4.671000  0.68430001E+00    4.671000
   63.68804169  0.12851235E+00    4.681000  0.68379998E+00    4.681000
   63.82409286  0.12812588E+00    4.691000  0.68320000E+00    4.691000
   63.96015549  0.12775975E+00    4.701000  0.68269998E+00    4.701000
   64.09620667  0.12737652E+00    4.711000  0.68210000E+00    4.711000
   64.23226929  0.12701353E+00    4.721000  0.68159997E+00    4.721000
   64.36831665  0.12663350E+00    4.731000  0.68099999E+00    4.731000
   64.50437927  0.12627360E+00    4.741000  0.68049997E+00    4.741000
   64.64043427  0.12589673E+00    4.751000  0.67989999E+00    4.751000
   64.77648926  0.12553990E+00    4.761000  0.67940003E+00    4.761000
   64.91254425  0.12516614E+00    4.771000  0.67879999E+00    4.771000
   65.04860687  0.12481233E+00    4.781000  0.67830002E+00    4.781000
   65.18466187  0.12444165E+00    4.791000  0.67769998E+00    4.791000
   65.32071686  0.12409083E+00    4.801000  0.67720002E+00    4.801000
   65.45677185  0.12372318E+00    4.811000  0.67659998E+00    4.811000
   65.59282684  0.12337530E+00    4.821000  0.67610002E+00    4.821000
   65.72888184  0.12302887E+00    4.831000  0.67559999E+00    4.831000
   65.86494446  0.12266569E+00    4.841000  0.67500001E+00    4.841000
   66.00099945  0.12232215E+00    4.851000  0.67449999E+00    4.851000
   66.13705444  0.12196192E+00    4.861000  0.67390001E+00    4.861000
   66.27310944  0.12162124E+00    4.871000  0.67339998E+00    4.871000
   66.40917206  0.12126392E+00    4.881000  0.67280000E+00    4.881000
   66.54521942  0.12092606E+00    4.891000  0.67229998E+00    4.891000
   66.68128204  0.12058957E+00    4.901000  0.67180002E+00    4.901000
   66.81733704  0.12023653E+00    4.911000  0.67119998E+00    4.911000
   66.95339203  0.11990282E+00    4.921000  0.67070001E+00    4.921000
   67.08945465  0.11957044E+00    4.931000  0.67019999E+00    4.931000
   67.22550964  0.11922162E+00    4.941000  0.66960001E+00    4.941000
   67.36156464  0.11889197E+00    4.951000  0.66909999E+00    4.951000
   67.49761963  0.11856366E+00    4.961000  0.66860002E+00    4.961000
   67.63368225  0.11821895E+00    4.971000  0.66799998E+00    4.971000
   67.76972961  0.11789331E+00    4.981000  0.66750002E+00    4.981000
   67.90579224  0.11756896E+00    4.991000  0.66700000E+00    4.991000
