#            eV         sigma            Ry            om        Ry/z^2           in 10^-16
    3.18188270  0.00000000E+00    0.233865  0.00000000E+00    0.000000
    3.27896118  0.10889066E+01    0.241000  0.29830000E+00    0.241000
    3.41501737  0.15460296E+01    0.251000  0.44110000E+00    0.251000
    3.55107427  0.19475626E+01    0.261000  0.57779998E+00    0.261000
    3.68713069  0.22649253E+01    0.271000  0.69770002E+00    0.271000
    3.82318687  0.24689081E+01    0.281000  0.78860003E+00    0.281000
    3.95924377  0.25796641E+01    0.291000  0.85329998E+00    0.291000
    4.09530020  0.26500347E+01    0.301000  0.90670002E+00    0.301000
    4.23135662  0.26468583E+01    0.311000  0.93570000E+00    0.311000
    4.36741304  0.26923886E+01    0.321000  0.98240000E+00    0.321000
    4.50346947  0.27694541E+01    0.331000  0.10420001E+01    0.331000
    4.63952589  0.27062977E+01    0.341000  0.10490000E+01    0.341000
    4.77558279  0.27144118E+01    0.351000  0.10829999E+01    0.351000
    4.91163874  0.26903965E+01    0.361000  0.11040000E+01    0.361000
    5.04769516  0.26534481E+01    0.371000  0.11190000E+01    0.371000
    5.18375206  0.25884220E+01    0.381000  0.11210001E+01    0.381000
    5.31980848  0.25267219E+01    0.391000  0.11230000E+01    0.391000
    5.45586491  0.24615174E+01    0.401000  0.11220000E+01    0.401000
    5.59192133  0.23973455E+01    0.411000  0.11200000E+01    0.411000
    5.72797775  0.23383117E+01    0.421000  0.11190000E+01    0.421000
    5.86403418  0.22881411E+01    0.431000  0.11210001E+01    0.431000
    6.00009108  0.22442351E+01    0.441000  0.11250000E+01    0.441000
    6.13614750  0.22022763E+01    0.451000  0.11289999E+01    0.451000
    6.27220392  0.21621381E+01    0.461000  0.11330000E+01    0.461000
    6.40825987  0.21218363E+01    0.471000  0.11360000E+01    0.471000
    6.54431677  0.20795521E+01    0.481000  0.11370000E+01    0.481000
    6.68037319  0.20336153E+01    0.491000  0.11350000E+01    0.491000
    6.81642962  0.19860004E+01    0.501000  0.11310000E+01    0.501000
    6.95248604  0.19385275E+01    0.511000  0.11260000E+01    0.511000
    7.08854294  0.18911880E+01    0.521000  0.11200000E+01    0.521000
    7.22459936  0.18439752E+01    0.531000  0.11130000E+01    0.531000
    7.36065578  0.17968815E+01    0.541000  0.11050000E+01    0.541000
    7.49671221  0.17499006E+01    0.551000  0.10960000E+01    0.551000
    7.63276863  0.17030264E+01    0.561000  0.10860000E+01    0.561000
    7.76882458  0.16577941E+01    0.571000  0.10760000E+01    0.571000
    7.90488100  0.16126048E+01    0.581000  0.10650001E+01    0.581000
    8.04093838  0.15689444E+01    0.591000  0.10540000E+01    0.591000
    8.17699432  0.15267371E+01    0.601000  0.10430000E+01    0.601000
    8.31305122  0.14844716E+01    0.611000  0.10310000E+01    0.611000
    8.44910717  0.14449839E+01    0.621000  0.10200000E+01    0.621000
    8.58516407  0.14053536E+01    0.631000  0.10080000E+01    0.631000
    8.72122002  0.13680578E+01    0.641000  0.99680001E+00    0.641000
    8.85727692  0.13319077E+01    0.651000  0.98559999E+00    0.651000
    8.99333382  0.12968514E+01    0.661000  0.97439998E+00    0.661000
    9.12938976  0.12631024E+01    0.671000  0.96340001E+00    0.671000
    9.26544666  0.12303445E+01    0.681000  0.95240003E+00    0.681000
    9.40150261  0.11985346E+01    0.691000  0.94139999E+00    0.691000
    9.53755856  0.11677578E+01    0.701000  0.93049997E+00    0.701000
    9.67361641  0.11379705E+01    0.711000  0.91970003E+00    0.711000
    9.80967236  0.11091315E+01    0.721000  0.90899998E+00    0.721000
    9.94572926  0.10812019E+01    0.731000  0.89840001E+00    0.731000
   10.08178520  0.10540261E+01    0.741000  0.88779998E+00    0.741000
   10.21784115  0.10278083E+01    0.751000  0.87739998E+00    0.751000
   10.35389805  0.10022796E+01    0.761000  0.86699998E+00    0.761000
   10.48995495  0.97752710E+00    0.771000  0.85670000E+00    0.771000
   10.62601089  0.95363383E+00    0.781000  0.84660000E+00    0.781000
   10.76206779  0.93045593E+00    0.791000  0.83660001E+00    0.791000
   10.89812374  0.90807638E+00    0.801000  0.82679999E+00    0.801000
   11.03418064  0.88646571E+00    0.811000  0.81720001E+00    0.811000
   11.17023659  0.86548861E+00    0.821000  0.80769998E+00    0.821000
   11.30629349  0.84522813E+00    0.831000  0.79839998E+00    0.831000
   11.44235039  0.82565866E+00    0.841000  0.78930002E+00    0.841000
   11.57840633  0.80675583E+00    0.851000  0.78039998E+00    0.851000
   11.71446323  0.78849654E+00    0.861000  0.77170002E+00    0.861000
   11.85051918  0.77085844E+00    0.871000  0.76319999E+00    0.871000
   11.98657608  0.75372069E+00    0.881000  0.75480002E+00    0.881000
   12.12263203  0.73716500E+00    0.891000  0.74659997E+00    0.891000
   12.25868893  0.72117214E+00    0.901000  0.73860002E+00    0.901000
   12.39474583  0.70572349E+00    0.911000  0.73079997E+00    0.911000
   12.53080177  0.69080143E+00    0.921000  0.72320002E+00    0.921000
   12.66685867  0.67657787E+00    0.931000  0.71600002E+00    0.931000
   12.80291462  0.66228264E+00    0.941000  0.70840001E+00    0.941000
   12.93897057  0.64875061E+00    0.951000  0.70130002E+00    0.951000
   13.07502842  0.63559167E+00    0.961000  0.69430000E+00    0.961000
   13.21108437  0.62288503E+00    0.971000  0.68750000E+00    0.971000
   13.34714127  0.61052715E+00    0.981000  0.68080002E+00    0.981000
   13.48319721  0.59859619E+00    0.991000  0.67430001E+00    0.991000
   13.61925411  0.58699147E+00    1.001000  0.66790003E+00    1.001000
   13.75531101  0.57579038E+00    1.011000  0.66170001E+00    1.011000
   13.89136696  0.56480869E+00    1.021000  0.65549999E+00    1.021000
   14.02742290  0.55421072E+00    1.031000  0.64950001E+00    1.031000
   14.16347980  0.54390083E+00    1.041000  0.64359999E+00    1.041000
   14.29953575  0.53395458E+00    1.051000  0.63789999E+00    1.051000
   14.43559265  0.52419581E+00    1.061000  0.63220000E+00    1.061000
   14.57164860  0.51470143E+00    1.071000  0.62660003E+00    1.071000
   14.70770550  0.50554546E+00    1.081000  0.62120003E+00    1.081000
   14.84376144  0.49655733E+00    1.091000  0.61580002E+00    1.091000
   14.97981739  0.48781234E+00    1.101000  0.61049998E+00    1.101000
   15.11587429  0.47938322E+00    1.111000  0.60540003E+00    1.111000
   15.25193214  0.47110439E+00    1.121000  0.60030001E+00    1.121000
   15.38798809  0.46297201E+00    1.131000  0.59520000E+00    1.131000
   15.52404499  0.45513641E+00    1.141000  0.59030002E+00    1.141000
   15.66010094  0.44743691E+00    1.151000  0.58539999E+00    1.151000
   15.79615784  0.43994588E+00    1.161000  0.58060002E+00    1.161000
   15.93221378  0.43265789E+00    1.171000  0.57590002E+00    1.171000
   16.06826973  0.42549332E+00    1.181000  0.57120001E+00    1.181000
   16.20432663  0.41852294E+00    1.191000  0.56660002E+00    1.191000
   16.34038353  0.41166859E+00    1.201000  0.56199998E+00    1.201000
   16.47643852  0.40500014E+00    1.211000  0.55750000E+00    1.211000
   16.61249542  0.39851294E+00    1.221000  0.55309999E+00    1.221000
   16.74855232  0.39213114E+00    1.231000  0.54869998E+00    1.231000
   16.88460922  0.38585220E+00    1.241000  0.54430002E+00    1.241000
   17.02066612  0.37974397E+00    1.251000  0.54000002E+00    1.251000
   17.15672302  0.37380235E+00    1.261000  0.53579998E+00    1.261000
   17.29277992  0.36795427E+00    1.271000  0.53160000E+00    1.271000
   17.42883492  0.36219749E+00    1.281000  0.52740002E+00    1.281000
   17.56489182  0.35659801E+00    1.291000  0.52329999E+00    1.291000
   17.70094872  0.35115224E+00    1.301000  0.51929998E+00    1.301000
   17.83700371  0.34572247E+00    1.311000  0.51520002E+00    1.311000
   17.97306061  0.34050809E+00    1.321000  0.51130003E+00    1.321000
   18.10911751  0.33530595E+00    1.331000  0.50730002E+00    1.331000
   18.24517441  0.33024702E+00    1.341000  0.50340003E+00    1.341000
   18.38122940  0.32526295E+00    1.351000  0.49950001E+00    1.351000
   18.51728630  0.32041677E+00    1.361000  0.49570000E+00    1.361000
   18.65334511  0.31564127E+00    1.371000  0.49190000E+00    1.371000
   18.78940010  0.31099866E+00    1.381000  0.48820001E+00    1.381000
   18.92545700  0.30635955E+00    1.391000  0.48440000E+00    1.391000
   19.06151390  0.30191226E+00    1.401000  0.48080000E+00    1.401000
   19.19756889  0.29746566E+00    1.411000  0.47710001E+00    1.411000
   19.33362579  0.29314355E+00    1.421000  0.47350001E+00    1.421000
   19.46968269  0.28888185E+00    1.431000  0.46990001E+00    1.431000
   19.60573769  0.28467929E+00    1.441000  0.46630001E+00    1.441000
   19.74179459  0.28059529E+00    1.451000  0.46280000E+00    1.451000
   19.87785149  0.27656721E+00    1.461000  0.45930001E+00    1.461000
   20.01390839  0.27265369E+00    1.471000  0.45590001E+00    1.471000
   20.14996338  0.26879300E+00    1.481000  0.45249999E+00    1.481000
   20.28602219  0.26498410E+00    1.491000  0.44909999E+00    1.491000
   20.42207909  0.26122597E+00    1.501000  0.44569999E+00    1.501000
   20.55813408  0.25757581E+00    1.511000  0.44240001E+00    1.511000
   20.69419098  0.25397364E+00    1.521000  0.43910000E+00    1.521000
   20.83024788  0.25041852E+00    1.531000  0.43579999E+00    1.531000
   20.96630287  0.24696664E+00    1.541000  0.43259999E+00    1.541000
   21.10235977  0.24355927E+00    1.551000  0.42940000E+00    1.551000
   21.23841667  0.24019556E+00    1.561000  0.42620000E+00    1.561000
   21.37447357  0.23687467E+00    1.571000  0.42300001E+00    1.571000
   21.51052856  0.23365143E+00    1.581000  0.41990000E+00    1.581000
   21.64658546  0.23046871E+00    1.591000  0.41679999E+00    1.591000
   21.78264236  0.22732576E+00    1.601000  0.41370001E+00    1.601000
   21.91869736  0.22427641E+00    1.611000  0.41069999E+00    1.611000
   22.05475616  0.22126469E+00    1.621000  0.40770000E+00    1.621000
   22.19081306  0.21828992E+00    1.631000  0.40470001E+00    1.631000
   22.32686806  0.21535138E+00    1.641000  0.40169999E+00    1.641000
   22.46292496  0.21250174E+00    1.651000  0.39879999E+00    1.651000
   22.59898186  0.20968642E+00    1.661000  0.39590001E+00    1.661000
   22.73503876  0.20690479E+00    1.671000  0.39300001E+00    1.671000
   22.87109375  0.20420857E+00    1.681000  0.39019999E+00    1.681000
   23.00715065  0.20154427E+00    1.691000  0.38740000E+00    1.691000
   23.14320755  0.19891128E+00    1.701000  0.38460001E+00    1.701000
   23.27926254  0.19630906E+00    1.711000  0.38180000E+00    1.711000
   23.41531944  0.19378821E+00    1.721000  0.37909999E+00    1.721000
   23.55137634  0.19129648E+00    1.731000  0.37639999E+00    1.731000
   23.68743324  0.18883337E+00    1.741000  0.37369999E+00    1.741000
   23.82349014  0.18639840E+00    1.751000  0.37099999E+00    1.751000
   23.95954704  0.18404105E+00    1.761000  0.36840001E+00    1.761000
   24.09560394  0.18171030E+00    1.771000  0.36579999E+00    1.771000
   24.23165894  0.17940575E+00    1.781000  0.36320001E+00    1.781000
   24.36771584  0.17717604E+00    1.791000  0.36070001E+00    1.791000
   24.50377274  0.17497110E+00    1.801000  0.35820001E+00    1.801000
   24.63982773  0.17279049E+00    1.811000  0.35569999E+00    1.811000
   24.77588463  0.17063384E+00    1.821000  0.35319999E+00    1.821000
   24.91194153  0.16850075E+00    1.831000  0.35069999E+00    1.831000
   25.04799843  0.16643863E+00    1.841000  0.34830001E+00    1.841000
   25.18405342  0.16439878E+00    1.851000  0.34590000E+00    1.851000
   25.32011032  0.16238085E+00    1.861000  0.34349999E+00    1.861000
   25.45616913  0.16043150E+00    1.871000  0.34119999E+00    1.871000
   25.59222412  0.15845613E+00    1.881000  0.33880001E+00    1.881000
   25.72828102  0.15654815E+00    1.891000  0.33649999E+00    1.891000
   25.86433792  0.15466026E+00    1.901000  0.33419999E+00    1.901000
   26.00039291  0.15283816E+00    1.911000  0.33199999E+00    1.911000
   26.13644981  0.15098924E+00    1.921000  0.32969999E+00    1.921000
   26.27250671  0.14920502E+00    1.931000  0.32749999E+00    1.931000
   26.40856171  0.14743920E+00    1.941000  0.32530001E+00    1.941000
   26.54461861  0.14573656E+00    1.951000  0.32319999E+00    1.951000
   26.68067551  0.14400643E+00    1.961000  0.32100001E+00    1.961000
   26.81673241  0.14233848E+00    1.971000  0.31889999E+00    1.971000
   26.95278740  0.14068738E+00    1.981000  0.31680000E+00    1.981000
   27.08884621  0.13905286E+00    1.991000  0.31470001E+00    1.991000
   27.22490120  0.13743467E+00    2.001000  0.31259999E+00    2.001000
   27.36095619  0.13587634E+00    2.011000  0.31060001E+00    2.011000
   27.49701309  0.13433342E+00    2.021000  0.30860001E+00    2.021000
   27.63306999  0.13280569E+00    2.031000  0.30660000E+00    2.031000
   27.76912689  0.13129293E+00    2.041000  0.30460000E+00    2.041000
   27.90518570  0.12983781E+00    2.051000  0.30270001E+00    2.051000
   28.04124260  0.12835413E+00    2.061000  0.30070001E+00    2.061000
   28.17729759  0.12692726E+00    2.071000  0.29879999E+00    2.071000
   28.31335449  0.12551411E+00    2.081000  0.29690000E+00    2.081000
   28.44941139  0.12415654E+00    2.091000  0.29510000E+00    2.091000
   28.58546829  0.12277002E+00    2.101000  0.29319999E+00    2.101000
   28.72152328  0.12143831E+00    2.111000  0.29139999E+00    2.111000
   28.85758018  0.12011917E+00    2.121000  0.28960001E+00    2.121000
   28.99363708  0.11881240E+00    2.131000  0.28780001E+00    2.131000
   29.12969208  0.11751784E+00    2.141000  0.28600001E+00    2.141000
   29.26574898  0.11627621E+00    2.151000  0.28430000E+00    2.151000
   29.40180588  0.11504607E+00    2.161000  0.28259999E+00    2.161000
   29.53786278  0.11378676E+00    2.171000  0.28080001E+00    2.171000
   29.67391777  0.11257932E+00    2.181000  0.27910000E+00    2.181000
   29.80997467  0.11142305E+00    2.191000  0.27750000E+00    2.191000
   29.94603157  0.11023732E+00    2.201000  0.27579999E+00    2.201000
   30.08208656  0.10910211E+00    2.211000  0.27419999E+00    2.211000
   30.21814346  0.10797712E+00    2.221000  0.27260000E+00    2.221000
   30.35420036  0.10682278E+00    2.231000  0.27090001E+00    2.231000
   30.49025726  0.10575726E+00    2.241000  0.26940000E+00    2.241000
   30.62631226  0.10466212E+00    2.251000  0.26780000E+00    2.251000
   30.76236916  0.10357667E+00    2.261000  0.26620001E+00    2.261000
   30.89842606  0.10253951E+00    2.271000  0.26470000E+00    2.271000
   31.03448105  0.10151146E+00    2.281000  0.26320001E+00    2.281000
   31.17053795  0.10049237E+00    2.291000  0.26170000E+00    2.291000
   31.30659866  0.99482129E-01    2.301000  0.26019999E+00    2.301000
   31.44265366  0.98480652E-01    2.311000  0.25870001E+00    2.311000
   31.57871056  0.97525692E-01    2.321000  0.25729999E+00    2.321000
   31.71476746  0.96541201E-01    2.331000  0.25580001E+00    2.331000
   31.85082245  0.95602695E-01    2.341000  0.25440001E+00    2.341000
   31.98687935  0.94672162E-01    2.351000  0.25299999E+00    2.351000
   32.12293625  0.93749523E-01    2.361000  0.25160000E+00    2.361000
   32.25899124  0.92871765E-01    2.371000  0.25029999E+00    2.371000
   32.39505005  0.91964437E-01    2.381000  0.24890000E+00    2.381000
   32.53110504  0.91064699E-01    2.391000  0.24750000E+00    2.391000
   32.66716003  0.90209091E-01    2.401000  0.24620000E+00    2.401000
   32.80321884  0.89360586E-01    2.411000  0.24490000E+00    2.411000
   32.93927383  0.88519085E-01    2.421000  0.24360000E+00    2.421000
   33.07532883  0.87684513E-01    2.431000  0.24230000E+00    2.431000
   33.21138763  0.86856773E-01    2.441000  0.24100000E+00    2.441000
   33.34744263  0.86071687E-01    2.451000  0.23980001E+00    2.451000
   33.48349762  0.85257227E-01    2.461000  0.23850000E+00    2.461000
   33.61955643  0.84484963E-01    2.471000  0.23729999E+00    2.471000
   33.75561142  0.83718930E-01    2.481000  0.23610000E+00    2.481000
   33.89167023  0.82959042E-01    2.491000  0.23490000E+00    2.491000
   34.02772522  0.82205235E-01    2.501000  0.23370001E+00    2.501000
   34.16378021  0.81457428E-01    2.511000  0.23250000E+00    2.511000
   34.29983902  0.80715553E-01    2.521000  0.23130000E+00    2.521000
   34.43589401  0.80014300E-01    2.531000  0.23019999E+00    2.531000
   34.57194901  0.79283949E-01    2.541000  0.22900000E+00    2.541000
   34.70801163  0.78593798E-01    2.551000  0.22790000E+00    2.551000
   34.84406662  0.77909044E-01    2.561000  0.22679999E+00    2.561000
   34.98012161  0.77229622E-01    2.571000  0.22570001E+00    2.571000
   35.11618042  0.76555459E-01    2.581000  0.22460000E+00    2.581000
   35.25223541  0.75886501E-01    2.591000  0.22350000E+00    2.591000
   35.38829041  0.75256510E-01    2.601000  0.22250000E+00    2.601000
   35.52434921  0.74597651E-01    2.611000  0.22139999E+00    2.611000
   35.66040421  0.73977390E-01    2.621000  0.22040001E+00    2.621000
   35.79645920  0.73328400E-01    2.631000  0.21930000E+00    2.631000
   35.93251801  0.72717637E-01    2.641000  0.21830000E+00    2.641000
   36.06857300  0.72111482E-01    2.651000  0.21730000E+00    2.651000
   36.20462799  0.71509883E-01    2.661000  0.21630000E+00    2.661000
   36.34068680  0.70912788E-01    2.671000  0.21529999E+00    2.671000
   36.47674179  0.70320152E-01    2.681000  0.21430001E+00    2.681000
   36.61279678  0.69731916E-01    2.691000  0.21330000E+00    2.691000
   36.74885559  0.69180608E-01    2.701000  0.21240000E+00    2.701000
   36.88491058  0.68600915E-01    2.711000  0.21140000E+00    2.711000
   37.02096939  0.68057815E-01    2.721000  0.21050000E+00    2.721000
   37.15702438  0.67518692E-01    2.731000  0.20960000E+00    2.731000
   37.29307938  0.66951407E-01    2.741000  0.20860000E+00    2.741000
   37.42913818  0.66420226E-01    2.751000  0.20770000E+00    2.751000
   37.56519318  0.65892892E-01    2.761000  0.20680000E+00    2.761000
   37.70124817  0.65369365E-01    2.771000  0.20590000E+00    2.771000
   37.83730698  0.64881237E-01    2.781000  0.20510000E+00    2.781000
   37.97336197  0.64365085E-01    2.791000  0.20420000E+00    2.791000
   38.10942078  0.63852614E-01    2.801000  0.20330000E+00    2.801000
   38.24547958  0.63375091E-01    2.811000  0.20250000E+00    2.811000
   38.38153458  0.62869768E-01    2.821000  0.20160000E+00    2.821000
   38.51758957  0.62399091E-01    2.831000  0.20080000E+00    2.831000
   38.65364838  0.61931726E-01    2.841000  0.20000000E+00    2.841000
   38.78970337  0.61436783E-01    2.851000  0.19910000E+00    2.851000
   38.92575836  0.60976050E-01    2.861000  0.19830000E+00    2.861000
   39.06181717  0.60518526E-01    2.871000  0.19750001E+00    2.871000
   39.19787216  0.60064178E-01    2.881000  0.19670001E+00    2.881000
   39.33392715  0.59643400E-01    2.891000  0.19599999E+00    2.891000
   39.46998596  0.59195202E-01    2.901000  0.19520000E+00    2.901000
   39.60604095  0.58750082E-01    2.911000  0.19440000E+00    2.911000
   39.74209976  0.58338129E-01    2.921000  0.19370000E+00    2.921000
   39.87815475  0.57898971E-01    2.931000  0.19290000E+00    2.931000
   40.01420975  0.57492713E-01    2.941000  0.19220001E+00    2.941000
   40.15026855  0.57059396E-01    2.951000  0.19140001E+00    2.951000
   40.28632355  0.56658714E-01    2.961000  0.19069999E+00    2.961000
   40.42237854  0.56260732E-01    2.971000  0.19000000E+00    2.971000
   40.55843735  0.55835909E-01    2.981000  0.18920000E+00    2.981000
   40.69449234  0.55443340E-01    2.991000  0.18850000E+00    2.991000
   40.83054733  0.55053387E-01    3.001000  0.18780001E+00    3.001000
   40.96660614  0.54666020E-01    3.011000  0.18709999E+00    3.011000
   41.10266113  0.54310344E-01    3.021000  0.18650000E+00    3.021000
   41.23871613  0.53927988E-01    3.031000  0.18580000E+00    3.031000
   41.37477493  0.53548148E-01    3.041000  0.18510000E+00    3.041000
   41.51083374  0.53170793E-01    3.051000  0.18440001E+00    3.051000
   41.64688873  0.52824645E-01    3.061000  0.18380000E+00    3.061000
   41.78294754  0.52452108E-01    3.071000  0.18310000E+00    3.071000
   41.91900253  0.52110543E-01    3.081000  0.18250000E+00    3.081000
   42.05505753  0.51742723E-01    3.091000  0.18179999E+00    3.091000
   42.19111633  0.51405649E-01    3.101000  0.18120000E+00    3.101000
   42.32717133  0.51070741E-01    3.111000  0.18060000E+00    3.111000
   42.46323013  0.50737981E-01    3.121000  0.18000001E+00    3.121000
   42.59928513  0.50379243E-01    3.131000  0.17930000E+00    3.131000
   42.73534012  0.50050802E-01    3.141000  0.17870000E+00    3.141000
   42.87139893  0.49724446E-01    3.151000  0.17810000E+00    3.151000
   43.00745392  0.49400151E-01    3.161000  0.17749999E+00    3.161000
   43.14350891  0.49077905E-01    3.171000  0.17690000E+00    3.171000
   43.27956772  0.48785342E-01    3.181000  0.17640001E+00    3.181000
   43.41562271  0.48467039E-01    3.191000  0.17580000E+00    3.191000
   43.55167770  0.48150729E-01    3.201000  0.17520000E+00    3.201000
   43.68773651  0.47836388E-01    3.211000  0.17460001E+00    3.211000
   43.82379150  0.47551309E-01    3.221000  0.17410000E+00    3.221000
   43.95984650  0.47240769E-01    3.231000  0.17350000E+00    3.231000
   44.09590530  0.46959287E-01    3.241000  0.17299999E+00    3.241000
   44.23196030  0.46652479E-01    3.251000  0.17240000E+00    3.251000
   44.36801529  0.46374531E-01    3.261000  0.17190000E+00    3.261000
   44.50407410  0.46071383E-01    3.271000  0.17129999E+00    3.271000
   44.64012909  0.45796900E-01    3.281000  0.17080000E+00    3.281000
   44.77618790  0.45524085E-01    3.291000  0.17030001E+00    3.291000
   44.91224670  0.45226265E-01    3.301000  0.16970000E+00    3.301000
   45.04830170  0.44956822E-01    3.311000  0.16920000E+00    3.311000
   45.18435669  0.44688997E-01    3.321000  0.16869999E+00    3.321000
   45.32041550  0.44422785E-01    3.331000  0.16820000E+00    3.331000
   45.45647049  0.44158162E-01    3.341000  0.16769999E+00    3.341000
   45.59252930  0.43895122E-01    3.351000  0.16720000E+00    3.351000
   45.72858429  0.43633648E-01    3.361000  0.16670001E+00    3.361000
   45.86463928  0.43373721E-01    3.371000  0.16620000E+00    3.371000
   46.00069809  0.43115336E-01    3.381000  0.16570000E+00    3.381000
   46.13675308  0.42884414E-01    3.391000  0.16530000E+00    3.391000
   46.27280807  0.42628987E-01    3.401000  0.16480000E+00    3.401000
   46.40886688  0.42375053E-01    3.411000  0.16429999E+00    3.411000
   46.54492188  0.42148325E-01    3.421000  0.16390000E+00    3.421000
   46.68097687  0.41897272E-01    3.431000  0.16339999E+00    3.431000
   46.81703568  0.41647683E-01    3.441000  0.16290000E+00    3.441000
   46.95309067  0.41425029E-01    3.451000  0.16249999E+00    3.451000
   47.08914566  0.41178247E-01    3.461000  0.16200000E+00    3.461000
   47.22520447  0.40958228E-01    3.471000  0.16159999E+00    3.471000
   47.36125946  0.40714205E-01    3.481000  0.16110000E+00    3.481000
   47.49731827  0.40496776E-01    3.491000  0.16069999E+00    3.491000
   47.63337326  0.40280593E-01    3.501000  0.16030000E+00    3.501000
   47.76942825  0.40040581E-01    3.511000  0.15979999E+00    3.511000
   47.90548706  0.39826921E-01    3.521000  0.15940000E+00    3.521000
   48.04154205  0.39614469E-01    3.531000  0.15899999E+00    3.531000
   48.17759705  0.39403219E-01    3.541000  0.15860000E+00    3.541000
   48.31365967  0.39193154E-01    3.551000  0.15820000E+00    3.551000
   48.44971466  0.38984274E-01    3.561000  0.15780000E+00    3.561000
   48.58576965  0.38751925E-01    3.571000  0.15730000E+00    3.571000
   48.72182846  0.38545444E-01    3.581000  0.15690000E+00    3.581000
   48.85788345  0.38340110E-01    3.591000  0.15650000E+00    3.591000
   48.99393845  0.38160350E-01    3.601000  0.15620001E+00    3.601000
   49.12999725  0.37957219E-01    3.611000  0.15580000E+00    3.611000
   49.26605225  0.37755210E-01    3.621000  0.15539999E+00    3.621000
   49.40210724  0.37554318E-01    3.631000  0.15500000E+00    3.631000
   49.53816605  0.37354525E-01    3.641000  0.15459999E+00    3.641000
   49.67422104  0.37155831E-01    3.651000  0.15420000E+00    3.651000
   49.81027603  0.36958218E-01    3.661000  0.15380000E+00    3.661000
   49.94633484  0.36785651E-01    3.671000  0.15350001E+00    3.671000
   50.08238983  0.36590117E-01    3.681000  0.15310000E+00    3.681000
   50.21844482  0.36395647E-01    3.691000  0.15270001E+00    3.691000
   50.35450363  0.36225995E-01    3.701000  0.15240000E+00    3.701000
   50.49055862  0.36033550E-01    3.711000  0.15200000E+00    3.711000
   50.62661743  0.35865787E-01    3.721000  0.15170000E+00    3.721000
   50.76267242  0.35675339E-01    3.731000  0.15130000E+00    3.731000
   50.89872742  0.35509426E-01    3.741000  0.15099999E+00    3.741000
   51.03478622  0.35320948E-01    3.751000  0.15060000E+00    3.751000
   51.17084122  0.35156860E-01    3.761000  0.15030000E+00    3.761000
   51.30689621  0.34970316E-01    3.771000  0.14990000E+00    3.771000
   51.44295502  0.34808023E-01    3.781000  0.14960000E+00    3.781000
   51.57901001  0.34623383E-01    3.791000  0.14920001E+00    3.791000
   51.71506882  0.34462855E-01    3.801000  0.14890000E+00    3.801000
   51.85112762  0.34303171E-01    3.811000  0.14860000E+00    3.811000
   51.98718262  0.34144327E-01    3.821000  0.14830001E+00    3.821000
   52.12323761  0.33963344E-01    3.831000  0.14790000E+00    3.831000
   52.25929642  0.33806208E-01    3.841000  0.14760000E+00    3.841000
   52.39535141  0.33649891E-01    3.851000  0.14730000E+00    3.851000
   52.53140640  0.33494381E-01    3.861000  0.14700000E+00    3.861000
   52.66746521  0.33339674E-01    3.871000  0.14669999E+00    3.871000
   52.80352020  0.33163100E-01    3.881000  0.14630000E+00    3.881000
   52.93957520  0.33010040E-01    3.891000  0.14600000E+00    3.891000
   53.07563400  0.32857764E-01    3.901000  0.14569999E+00    3.901000
   53.21168900  0.32706271E-01    3.911000  0.14540000E+00    3.911000
   53.34774780  0.32555547E-01    3.921000  0.14510000E+00    3.921000
   53.48380280  0.32405593E-01    3.931000  0.14480001E+00    3.931000
   53.61985779  0.32256397E-01    3.941000  0.14450000E+00    3.941000
   53.75591660  0.32107956E-01    3.951000  0.14420000E+00    3.951000
   53.89197159  0.31960268E-01    3.961000  0.14390001E+00    3.961000
   54.02802658  0.31813320E-01    3.971000  0.14360000E+00    3.971000
   54.16408539  0.31689210E-01    3.981000  0.14340000E+00    3.981000
   54.30014038  0.31543678E-01    3.991000  0.14309999E+00    3.991000
   54.43619537  0.31398876E-01    4.001000  0.14280000E+00    4.001000
   54.57225800  0.31254792E-01    4.011000  0.14250000E+00    4.011000
   54.70830917  0.31111428E-01    4.021000  0.14219999E+00    4.021000
   54.84436798  0.30990599E-01    4.031000  0.14200000E+00    4.031000
   54.98042297  0.30848599E-01    4.041000  0.14170000E+00    4.041000
   55.11648178  0.30707295E-01    4.051000  0.14139999E+00    4.051000
   55.25253677  0.30566695E-01    4.061000  0.14110000E+00    4.061000
   55.38859558  0.30448389E-01    4.071000  0.14090000E+00    4.071000
   55.52464676  0.30309108E-01    4.081000  0.14060000E+00    4.081000
   55.66070557  0.30170509E-01    4.091000  0.14030001E+00    4.091000
   55.79676056  0.30054037E-01    4.101000  0.14010000E+00    4.101000
   55.93281937  0.29916729E-01    4.111000  0.13980000E+00    4.111000
   56.06887436  0.29801439E-01    4.121000  0.13959999E+00    4.121000
   56.20493317  0.29665410E-01    4.131000  0.13930000E+00    4.131000
   56.34098434  0.29551284E-01    4.141000  0.13910000E+00    4.141000
   56.47704697  0.29416510E-01    4.151000  0.13880000E+00    4.151000
   56.61309814  0.29303533E-01    4.161000  0.13860001E+00    4.161000
   56.74915695  0.29170000E-01    4.171000  0.13830000E+00    4.171000
   56.88521576  0.29058147E-01    4.181000  0.13810000E+00    4.181000
   57.02127075  0.28925839E-01    4.191000  0.13779999E+00    4.191000
   57.15732956  0.28815103E-01    4.201000  0.13760000E+00    4.201000
   57.29338455  0.28684001E-01    4.211000  0.13730000E+00    4.211000
   57.42944336  0.28574359E-01    4.221000  0.13710000E+00    4.221000
   57.56549454  0.28465239E-01    4.231000  0.13689999E+00    4.231000
   57.70155716  0.28335889E-01    4.241000  0.13660000E+00    4.241000
   57.83760834  0.28227844E-01    4.251000  0.13640000E+00    4.251000
   57.97366714  0.28120302E-01    4.261000  0.13620000E+00    4.261000
   58.10972214  0.27992671E-01    4.271000  0.13590001E+00    4.271000
   58.24578094  0.27886181E-01    4.281000  0.13570000E+00    4.281000
   58.38183594  0.27780190E-01    4.291000  0.13550000E+00    4.291000
   58.51789474  0.27654235E-01    4.301000  0.13519999E+00    4.301000
   58.65394592  0.27549277E-01    4.311000  0.13500001E+00    4.311000
   58.79000473  0.27444799E-01    4.321000  0.13480000E+00    4.321000
   58.92605972  0.27340806E-01    4.331000  0.13460000E+00    4.331000
   59.06211853  0.27237290E-01    4.341000  0.13440000E+00    4.341000
   59.19817352  0.27114035E-01    4.351000  0.13410001E+00    4.351000
   59.33423233  0.27011514E-01    4.361000  0.13390000E+00    4.361000
   59.47028351  0.26909464E-01    4.371000  0.13370000E+00    4.371000
   59.60634613  0.26807877E-01    4.381000  0.13349999E+00    4.381000
   59.74239731  0.26706759E-01    4.391000  0.13330001E+00    4.391000
   59.87845612  0.26606094E-01    4.401000  0.13310000E+00    4.401000
   60.01451111  0.26505889E-01    4.411000  0.13290000E+00    4.411000
   60.15056992  0.26406134E-01    4.421000  0.13270000E+00    4.421000
   60.28662872  0.26306830E-01    4.431000  0.13249999E+00    4.431000
   60.42268372  0.26207978E-01    4.441000  0.13230000E+00    4.441000
   60.55874252  0.26109565E-01    4.451000  0.13210000E+00    4.451000
   60.69479370  0.26011596E-01    4.461000  0.13190000E+00    4.461000
   60.83085632  0.25914062E-01    4.471000  0.13169999E+00    4.471000
   60.96690750  0.25816970E-01    4.481000  0.13150001E+00    4.481000
   61.10296631  0.25720304E-01    4.491000  0.13130000E+00    4.491000
   61.23902130  0.25624070E-01    4.501000  0.13110000E+00    4.501000
   61.37508011  0.25528260E-01    4.511000  0.13090000E+00    4.511000
   61.51113510  0.25432880E-01    4.521000  0.13070001E+00    4.521000
   61.64719391  0.25337915E-01    4.531000  0.13050000E+00    4.531000
   61.78324509  0.25243371E-01    4.541000  0.13030000E+00    4.541000
   61.91930771  0.25149240E-01    4.551000  0.13010000E+00    4.551000
   62.05535889  0.25055525E-01    4.561000  0.12989999E+00    4.561000
   62.19141769  0.24962219E-01    4.571000  0.12970001E+00    4.571000
   62.32747269  0.24888525E-01    4.581000  0.12960000E+00    4.581000
   62.46353149  0.24795987E-01    4.591000  0.12940000E+00    4.591000
   62.59958267  0.24703854E-01    4.601000  0.12920000E+00    4.601000
   62.73564529  0.24612118E-01    4.611000  0.12899999E+00    4.611000
   62.87169647  0.24520784E-01    4.621000  0.12880000E+00    4.621000
   63.00775528  0.24448837E-01    4.631000  0.12870000E+00    4.631000
   63.14381027  0.24358246E-01    4.641000  0.12850000E+00    4.641000
   63.27986908  0.24268042E-01    4.651000  0.12830000E+00    4.651000
   63.41592407  0.24178227E-01    4.661000  0.12809999E+00    4.661000
   63.55198288  0.24107632E-01    4.671000  0.12800001E+00    4.671000
   63.68804169  0.24018541E-01    4.681000  0.12780000E+00    4.681000
   63.82409286  0.23929833E-01    4.691000  0.12760000E+00    4.691000
   63.96015549  0.23841500E-01    4.701000  0.12740000E+00    4.701000
   64.09620667  0.23772219E-01    4.711000  0.12729999E+00    4.711000
   64.23226929  0.23684596E-01    4.721000  0.12710001E+00    4.721000
   64.36831665  0.23597344E-01    4.731000  0.12690000E+00    4.731000
   64.50437927  0.23529013E-01    4.741000  0.12680000E+00    4.741000
   64.64043427  0.23442456E-01    4.751000  0.12660000E+00    4.751000
   64.77648926  0.23356259E-01    4.761000  0.12639999E+00    4.761000
   64.91254425  0.23288869E-01    4.771000  0.12630001E+00    4.771000
   65.04860687  0.23203354E-01    4.781000  0.12610000E+00    4.781000
   65.18466187  0.23136562E-01    4.791000  0.12600000E+00    4.791000
   65.32071686  0.23051721E-01    4.801000  0.12580000E+00    4.801000
   65.45677185  0.22967235E-01    4.811000  0.12560000E+00    4.811000
   65.59282684  0.22901345E-01    4.821000  0.12549999E+00    4.821000
   65.72888184  0.22817523E-01    4.831000  0.12530001E+00    4.831000
   65.86494446  0.22752215E-01    4.841000  0.12520000E+00    4.841000
   66.00099945  0.22669043E-01    4.851000  0.12500000E+00    4.851000
   66.13705444  0.22604309E-01    4.861000  0.12490000E+00    4.861000
   66.27310944  0.22521784E-01    4.871000  0.12470000E+00    4.871000
   66.40917206  0.22457617E-01    4.881000  0.12460000E+00    4.881000
   66.54521942  0.22375727E-01    4.891000  0.12440000E+00    4.891000
   66.68128204  0.22312121E-01    4.901000  0.12430000E+00    4.901000
   66.81733704  0.22230862E-01    4.911000  0.12410000E+00    4.911000
   66.95339203  0.22167808E-01    4.921000  0.12400000E+00    4.921000
   67.08945465  0.22087169E-01    4.931000  0.12380000E+00    4.931000
   67.22550964  0.22024663E-01    4.941000  0.12370000E+00    4.941000
   67.36156464  0.21944639E-01    4.951000  0.12350000E+00    4.951000
   67.49761963  0.21882673E-01    4.961000  0.12340000E+00    4.961000
   67.63368225  0.21803256E-01    4.971000  0.12320000E+00    4.971000
   67.76972961  0.21741822E-01    4.981000  0.12310000E+00    4.981000
   67.90579224  0.21680634E-01    4.991000  0.12300000E+00    4.991000
