#            eV         sigma            Ry            om        Ry/z^2           in 10^-16
    3.16487782  0.00000000E+00    0.232615  0.00000000E+00    0.000000
    3.27896118  0.70306207E+00    0.241000  0.19260000E+00    0.241000
    3.41501737  0.10153815E+01    0.251000  0.28970000E+00    0.251000
    3.55107427  0.13250033E+01    0.261000  0.39309999E+00    0.261000
    3.68713069  0.15689241E+01    0.271000  0.48330000E+00    0.271000
    3.82318687  0.17175285E+01    0.281000  0.54860002E+00    0.281000
    3.95924377  0.18178274E+01    0.291000  0.60130000E+00    0.291000
    4.09530020  0.18547612E+01    0.301000  0.63459998E+00    0.301000
    4.23135662  0.18403826E+01    0.311000  0.65060002E+00    0.311000
    4.36741304  0.18543058E+01    0.321000  0.67659998E+00    0.321000
    4.50346947  0.18987504E+01    0.331000  0.71439999E+00    0.331000
    4.63952589  0.18451326E+01    0.341000  0.71520001E+00    0.341000
    4.77558279  0.18441961E+01    0.351000  0.73580003E+00    0.351000
    4.91163874  0.18133370E+01    0.361000  0.74409997E+00    0.361000
    5.04769516  0.17590062E+01    0.371000  0.74180001E+00    0.371000
    5.18375206  0.17010619E+01    0.381000  0.73670000E+00    0.381000
    5.31980848  0.16451816E+01    0.391000  0.73119998E+00    0.391000
    5.45586491  0.15905528E+01    0.401000  0.72500002E+00    0.401000
    5.59192133  0.15387962E+01    0.411000  0.71890002E+00    0.411000
    5.72797775  0.14940955E+01    0.421000  0.71499997E+00    0.421000
    5.86403418  0.14565721E+01    0.431000  0.71359998E+00    0.431000
    6.00009108  0.14235432E+01    0.441000  0.71359998E+00    0.441000
    6.13614750  0.13935396E+01    0.451000  0.71439999E+00    0.451000
    6.27220392  0.13638835E+01    0.461000  0.71469998E+00    0.461000
    6.40825987  0.13334322E+01    0.471000  0.71390003E+00    0.471000
    6.54431677  0.13016863E+01    0.481000  0.71170002E+00    0.481000
    6.68037319  0.12685459E+01    0.491000  0.70800000E+00    0.491000
    6.81642962  0.12339191E+01    0.501000  0.70270002E+00    0.501000
    6.95248604  0.12003031E+01    0.511000  0.69720000E+00    0.511000
    7.08854294  0.11661200E+01    0.521000  0.69059998E+00    0.521000
    7.22459936  0.11320649E+01    0.531000  0.68330002E+00    0.531000
    7.36065578  0.10982930E+01    0.541000  0.67540002E+00    0.541000
    7.49671221  0.10649486E+01    0.551000  0.66700000E+00    0.551000
    7.63276863  0.10321658E+01    0.561000  0.65820003E+00    0.561000
    7.76882458  0.10002231E+01    0.571000  0.64920002E+00    0.571000
    7.90488100  0.96922844E+00    0.581000  0.64010000E+00    0.581000
    8.04093838  0.93928261E+00    0.591000  0.63099998E+00    0.591000
    8.17699432  0.91033350E+00    0.601000  0.62190002E+00    0.601000
    8.31305122  0.88261982E+00    0.611000  0.61299998E+00    0.611000
    8.44910717  0.85579878E+00    0.621000  0.60409999E+00    0.621000
    8.58516407  0.83024610E+00    0.631000  0.59549999E+00    0.631000
    8.72122002  0.80562796E+00    0.641000  0.58700001E+00    0.641000
    8.85727692  0.78217146E+00    0.651000  0.57880002E+00    0.651000
    8.99333382  0.75969091E+00    0.661000  0.57080001E+00    0.661000
    9.12938976  0.73814269E+00    0.671000  0.56300002E+00    0.671000
    9.26544666  0.71722722E+00    0.681000  0.55519998E+00    0.681000
    9.40150261  0.69717180E+00    0.691000  0.54759997E+00    0.691000
    9.53755856  0.67768864E+00    0.701000  0.54000002E+00    0.701000
    9.67361641  0.65887716E+00    0.711000  0.53250003E+00    0.711000
    9.80967236  0.64083155E+00    0.721000  0.52520001E+00    0.721000
    9.94572926  0.62327966E+00    0.731000  0.51789999E+00    0.731000
   10.08178520  0.60632025E+00    0.741000  0.51069999E+00    0.741000
   10.21784115  0.58981249E+00    0.751000  0.50349998E+00    0.751000
   10.35389805  0.57396978E+00    0.761000  0.49649999E+00    0.761000
   10.48995495  0.55842391E+00    0.771000  0.48940000E+00    0.771000
   10.62601089  0.54372672E+00    0.781000  0.48269999E+00    0.781000
   10.76206779  0.52940118E+00    0.791000  0.47600001E+00    0.791000
   10.89812374  0.51554311E+00    0.801000  0.46939999E+00    0.801000
   11.03418064  0.50213533E+00    0.811000  0.46290001E+00    0.811000
   11.17023659  0.48926844E+00    0.821000  0.45660001E+00    0.821000
   11.30629349  0.47671122E+00    0.831000  0.45030001E+00    0.831000
   11.44235039  0.46466182E+00    0.841000  0.44420001E+00    0.841000
   11.57840633  0.45310239E+00    0.851000  0.43830001E+00    0.851000
   11.71446323  0.44181144E+00    0.861000  0.43239999E+00    0.861000
   11.85051918  0.43098179E+00    0.871000  0.42670000E+00    0.871000
   11.98657608  0.42049783E+00    0.881000  0.42109999E+00    0.881000
   12.12263203  0.41034796E+00    0.891000  0.41560000E+00    0.891000
   12.25868893  0.40061862E+00    0.901000  0.41029999E+00    0.901000
   12.39474583  0.39110293E+00    0.911000  0.40500000E+00    0.911000
   12.53080177  0.38198490E+00    0.921000  0.39989999E+00    0.921000
   12.66685867  0.37315725E+00    0.931000  0.39489999E+00    0.931000
   12.80291462  0.36461070E+00    0.941000  0.38999999E+00    0.941000
   12.93897057  0.35633641E+00    0.951000  0.38519999E+00    0.951000
   13.07502842  0.34832583E+00    0.961000  0.38049999E+00    0.961000
   13.21108437  0.34057089E+00    0.971000  0.37590000E+00    0.971000
   13.34714127  0.33306371E+00    0.981000  0.37140000E+00    0.981000
   13.48319721  0.32579683E+00    0.991000  0.36700001E+00    0.991000
   13.61925411  0.31876298E+00    1.001000  0.36269999E+00    1.001000
   13.75531101  0.31195534E+00    1.011000  0.35850000E+00    1.011000
   13.89136696  0.30536721E+00    1.021000  0.35440001E+00    1.021000
   14.02742290  0.29899220E+00    1.031000  0.35040000E+00    1.031000
   14.16347980  0.29273967E+00    1.041000  0.34639999E+00    1.041000
   14.29953575  0.28668983E+00    1.051000  0.34250000E+00    1.051000
   14.43559265  0.28083695E+00    1.061000  0.33870000E+00    1.061000
   14.57164860  0.27517551E+00    1.071000  0.33500001E+00    1.071000
   14.70770550  0.26961880E+00    1.081000  0.33129999E+00    1.081000
   14.84376144  0.26424460E+00    1.091000  0.32769999E+00    1.091000
   14.97981739  0.25904794E+00    1.101000  0.32420000E+00    1.101000
   15.11587429  0.25394481E+00    1.111000  0.32069999E+00    1.111000
   15.25193214  0.24901119E+00    1.121000  0.31729999E+00    1.121000
   15.38798809  0.24416484E+00    1.131000  0.31389999E+00    1.131000
   15.52404499  0.23948055E+00    1.141000  0.31060001E+00    1.141000
   15.66010094  0.23487763E+00    1.151000  0.30730000E+00    1.151000
   15.79615784  0.23042980E+00    1.161000  0.30410001E+00    1.161000
   15.93221378  0.22613304E+00    1.171000  0.30100000E+00    1.171000
   16.06826973  0.22190906E+00    1.181000  0.29789999E+00    1.181000
   16.20432663  0.21775602E+00    1.191000  0.29480001E+00    1.191000
   16.34038353  0.21374537E+00    1.201000  0.29179999E+00    1.201000
   16.47643852  0.20980097E+00    1.211000  0.28880000E+00    1.211000
   16.61249542  0.20592118E+00    1.221000  0.28580001E+00    1.221000
   16.74855232  0.20217589E+00    1.231000  0.28290001E+00    1.231000
   16.88460922  0.19856181E+00    1.241000  0.28009999E+00    1.241000
   17.02066612  0.19493524E+00    1.251000  0.27720001E+00    1.251000
   17.15672302  0.19143592E+00    1.261000  0.27440000E+00    1.261000
   17.29277992  0.18806090E+00    1.271000  0.27169999E+00    1.271000
   17.42883492  0.18466990E+00    1.281000  0.26890001E+00    1.281000
   17.56489182  0.18139957E+00    1.291000  0.26620001E+00    1.291000
   17.70094872  0.17824712E+00    1.301000  0.26359999E+00    1.301000
   17.83700371  0.17507567E+00    1.311000  0.26089999E+00    1.311000
   17.97306061  0.17201885E+00    1.321000  0.25830001E+00    1.321000
   18.10911751  0.16907404E+00    1.331000  0.25580001E+00    1.331000
   18.24517441  0.16610754E+00    1.341000  0.25319999E+00    1.341000
   18.38122940  0.16325009E+00    1.351000  0.25070000E+00    1.351000
   18.51728630  0.16043462E+00    1.361000  0.24820000E+00    1.361000
   18.65334511  0.15766022E+00    1.371000  0.24570000E+00    1.371000
   18.78940010  0.15498971E+00    1.381000  0.24330001E+00    1.381000
   18.92545700  0.15235759E+00    1.391000  0.24089999E+00    1.391000
   19.06151390  0.14976305E+00    1.401000  0.23850000E+00    1.401000
   19.19756889  0.14720529E+00    1.411000  0.23610000E+00    1.411000
   19.33362579  0.14474543E+00    1.421000  0.23379999E+00    1.421000
   19.46968269  0.14231995E+00    1.431000  0.23150000E+00    1.431000
   19.60573769  0.13992815E+00    1.441000  0.22920001E+00    1.441000
   19.74179459  0.13756930E+00    1.451000  0.22690000E+00    1.451000
   19.87785149  0.13530296E+00    1.461000  0.22470000E+00    1.461000
   20.01390839  0.13306743E+00    1.471000  0.22250000E+00    1.471000
   20.14996338  0.13086210E+00    1.481000  0.22030000E+00    1.481000
   20.28602219  0.12868633E+00    1.491000  0.21810000E+00    1.491000
   20.42207909  0.12653958E+00    1.501000  0.21590000E+00    1.501000
   20.55813408  0.12447945E+00    1.511000  0.21380000E+00    1.511000
   20.69419098  0.12244642E+00    1.521000  0.21170001E+00    1.521000
   20.83024788  0.12043994E+00    1.531000  0.20960000E+00    1.531000
   20.96630287  0.11851659E+00    1.541000  0.20760000E+00    1.541000
   21.10235977  0.11656132E+00    1.551000  0.20550001E+00    1.551000
   21.23841667  0.11468746E+00    1.561000  0.20350000E+00    1.561000
   21.37447357  0.11283746E+00    1.571000  0.20150000E+00    1.571000
   21.51052856  0.11101086E+00    1.581000  0.19949999E+00    1.581000
   21.64658546  0.10920723E+00    1.591000  0.19750001E+00    1.591000
   21.78264236  0.10748107E+00    1.601000  0.19560000E+00    1.601000
   21.91869736  0.10572173E+00    1.611000  0.19360000E+00    1.611000
   22.05475616  0.10403836E+00    1.621000  0.19170000E+00    1.621000
   22.19081306  0.10237565E+00    1.631000  0.18979999E+00    1.631000
   22.32686806  0.10078680E+00    1.641000  0.18799999E+00    1.641000
   22.46292496  0.99163932E-01    1.651000  0.18610001E+00    1.651000
   22.59898186  0.97613558E-01    1.661000  0.18430001E+00    1.661000
   22.73503876  0.96081740E-01    1.671000  0.18250000E+00    1.671000
   22.87109375  0.94568147E-01    1.681000  0.18070000E+00    1.681000
   23.00715065  0.93072456E-01    1.691000  0.17890000E+00    1.691000
   23.14320755  0.91594351E-01    1.701000  0.17710000E+00    1.701000
   23.27926254  0.90184942E-01    1.711000  0.17540000E+00    1.711000
   23.41531944  0.88740792E-01    1.721000  0.17360000E+00    1.721000
   23.55137634  0.87364152E-01    1.731000  0.17190000E+00    1.731000
   23.68743324  0.86003320E-01    1.741000  0.17020001E+00    1.741000
   23.82349014  0.84708273E-01    1.751000  0.16859999E+00    1.751000
   23.95954704  0.83377983E-01    1.761000  0.16689999E+00    1.761000
   24.09560394  0.82112393E-01    1.771000  0.16530000E+00    1.771000
   24.23165894  0.80861014E-01    1.781000  0.16370000E+00    1.781000
   24.36771584  0.79623610E-01    1.791000  0.16210000E+00    1.791000
   24.50377274  0.78399947E-01    1.801000  0.16050000E+00    1.801000
   24.63982773  0.77189790E-01    1.811000  0.15889999E+00    1.811000
   24.77588463  0.75992932E-01    1.821000  0.15730000E+00    1.821000
   24.91194153  0.74857195E-01    1.831000  0.15580000E+00    1.831000
   25.04799843  0.73733795E-01    1.841000  0.15430000E+00    1.841000
   25.18405342  0.72622528E-01    1.851000  0.15279999E+00    1.851000
   25.32011032  0.71523209E-01    1.861000  0.15130000E+00    1.861000
   25.45616913  0.70435638E-01    1.871000  0.14980000E+00    1.871000
   25.59222412  0.69359635E-01    1.881000  0.14830001E+00    1.881000
   25.72828102  0.68341528E-01    1.891000  0.14690000E+00    1.891000
   25.86433792  0.67334140E-01    1.901000  0.14550000E+00    1.901000
   26.00039291  0.66291251E-01    1.911000  0.14399999E+00    1.911000
   26.13644981  0.65305024E-01    1.921000  0.14260000E+00    1.921000
   26.27250671  0.64374564E-01    1.931000  0.14129999E+00    1.931000
   26.40856171  0.63408373E-01    1.941000  0.13990000E+00    1.941000
   26.54461861  0.62452087E-01    1.951000  0.13850001E+00    1.951000
   26.68067551  0.61550410E-01    1.961000  0.13720000E+00    1.961000
   26.81673241  0.60657889E-01    1.971000  0.13590001E+00    1.971000
   26.95278740  0.59729962E-01    1.981000  0.13450000E+00    1.981000
   27.08884621  0.58855547E-01    1.991000  0.13320000E+00    1.991000
   27.22490120  0.58033837E-01    2.001000  0.13200000E+00    2.001000
   27.36095619  0.57176556E-01    2.011000  0.13070001E+00    2.011000
   27.49701309  0.56327751E-01    2.021000  0.12940000E+00    2.021000
   27.63306999  0.55530622E-01    2.031000  0.12819999E+00    2.031000
   27.76912689  0.54741310E-01    2.041000  0.12700000E+00    2.041000
   27.90518570  0.53916788E-01    2.051000  0.12570000E+00    2.051000
   28.04124260  0.53142963E-01    2.061000  0.12450000E+00    2.061000
   28.17729759  0.52419090E-01    2.071000  0.12340000E+00    2.071000
   28.31335449  0.51659896E-01    2.081000  0.12220000E+00    2.081000
   28.44941139  0.50907966E-01    2.091000  0.12100000E+00    2.091000
   28.58546829  0.50205068E-01    2.101000  0.11990000E+00    2.101000
   28.72152328  0.49467151E-01    2.111000  0.11870000E+00    2.111000
   28.85758018  0.48777673E-01    2.121000  0.11760000E+00    2.121000
   28.99363708  0.48094663E-01    2.131000  0.11650000E+00    2.131000
   29.12969208  0.47418037E-01    2.141000  0.11540000E+00    2.141000
   29.26574898  0.46747699E-01    2.151000  0.11430000E+00    2.151000
   29.40180588  0.46083568E-01    2.161000  0.11320000E+00    2.161000
   29.53786278  0.45425552E-01    2.171000  0.11210000E+00    2.171000
   29.67391777  0.44813910E-01    2.181000  0.11110000E+00    2.181000
   29.80997467  0.44167695E-01    2.191000  0.11000000E+00    2.191000
   29.94603157  0.43567324E-01    2.201000  0.10900000E+00    2.201000
   30.08208656  0.42972385E-01    2.211000  0.10800000E+00    2.211000
   30.21814346  0.42382802E-01    2.221000  0.10700000E+00    2.221000
   30.35420036  0.41798503E-01    2.231000  0.10600000E+00    2.231000
   30.49025726  0.41219420E-01    2.241000  0.10500000E+00    2.241000
   30.62631226  0.40645484E-01    2.251000  0.10400000E+00    2.251000
   30.76236916  0.40115532E-01    2.261000  0.10310000E+00    2.261000
   30.89842606  0.39551509E-01    2.271000  0.10210000E+00    2.271000
   31.03448105  0.39031000E-01    2.281000  0.10120000E+00    2.281000
   31.17053795  0.38476634E-01    2.291000  0.10020000E+00    2.291000
   31.30659866  0.37965317E-01    2.301000  0.99299997E-01    2.301000
   31.44265366  0.37450816E-01    2.311000  0.98379999E-01    2.311000
   31.57871056  0.36948328E-01    2.321000  0.97479999E-01    2.321000
   31.71476746  0.36453925E-01    2.331000  0.96589997E-01    2.331000
   31.85082245  0.35963749E-01    2.341000  0.95700003E-01    2.341000
   31.98687935  0.35485223E-01    2.351000  0.94829999E-01    2.351000
   32.12293625  0.35014479E-01    2.361000  0.93970001E-01    2.361000
   32.25899124  0.34547705E-01    2.371000  0.93110003E-01    2.371000
   32.39505005  0.34092242E-01    2.381000  0.92270002E-01    2.381000
   32.53110504  0.33640588E-01    2.391000  0.91430001E-01    2.391000
   32.66716003  0.33196359E-01    2.401000  0.90599999E-01    2.401000
   32.80321884  0.32763116E-01    2.411000  0.89790002E-01    2.411000
   32.93927383  0.32333448E-01    2.421000  0.88979997E-01    2.421000
   33.07532883  0.31910937E-01    2.431000  0.88179998E-01    2.431000
   33.21138763  0.31495491E-01    2.441000  0.87389998E-01    2.441000
   33.34744263  0.31087024E-01    2.451000  0.86609997E-01    2.451000
   33.48349762  0.30681879E-01    2.461000  0.85830003E-01    2.461000
   33.61955643  0.30287130E-01    2.471000  0.85069999E-01    2.471000
   33.75561142  0.29895566E-01    2.481000  0.84310003E-01    2.481000
   33.89167023  0.29510674E-01    2.491000  0.83559997E-01    2.491000
   34.02772522  0.29132380E-01    2.501000  0.82819998E-01    2.501000
   34.16378021  0.28760602E-01    2.511000  0.82089998E-01    2.511000
   34.29983902  0.28395266E-01    2.521000  0.81370004E-01    2.521000
   34.43589401  0.28032813E-01    2.531000  0.80650002E-01    2.531000
   34.57194901  0.27676675E-01    2.541000  0.79939999E-01    2.541000
   34.70801163  0.27326778E-01    2.551000  0.79240002E-01    2.551000
   34.84406662  0.26983050E-01    2.561000  0.78550003E-01    2.561000
   34.98012161  0.26641994E-01    2.571000  0.77859998E-01    2.571000
   35.11618042  0.26310399E-01    2.581000  0.77189997E-01    2.581000
   35.25223541  0.25977969E-01    2.591000  0.76509997E-01    2.591000
   35.38829041  0.25654861E-01    2.601000  0.75850002E-01    2.601000
   35.52434921  0.25334226E-01    2.611000  0.75190000E-01    2.611000
   35.66040421  0.25022752E-01    2.621000  0.74550003E-01    2.621000
   35.79645920  0.24710300E-01    2.631000  0.73899999E-01    2.631000
   35.93251801  0.24406877E-01    2.641000  0.73270001E-01    2.641000
   36.06857300  0.24105744E-01    2.651000  0.72640002E-01    2.651000
   36.20462799  0.23810180E-01    2.661000  0.72020002E-01    2.661000
   36.34068680  0.23516829E-01    2.671000  0.71400002E-01    2.671000
   36.47674179  0.23232228E-01    2.681000  0.70799999E-01    2.681000
   36.61279678  0.22946474E-01    2.691000  0.70189998E-01    2.691000
   36.74885559  0.22669352E-01    2.701000  0.69600001E-01    2.701000
   36.88491058  0.22394271E-01    2.711000  0.69009997E-01    2.711000
   37.02096939  0.22124447E-01    2.721000  0.68429999E-01    2.721000
   37.15702438  0.21856600E-01    2.731000  0.67850001E-01    2.731000
   37.29307938  0.21593916E-01    2.741000  0.67280002E-01    2.741000
   37.42913818  0.21336339E-01    2.751000  0.66720001E-01    2.751000
   37.56519318  0.21080628E-01    2.761000  0.66160001E-01    2.761000
   37.70124817  0.20829937E-01    2.771000  0.65609999E-01    2.771000
   37.83730698  0.20581049E-01    2.781000  0.65059997E-01    2.781000
   37.97336197  0.20337098E-01    2.791000  0.64520001E-01    2.791000
   38.10942078  0.20098026E-01    2.801000  0.63989997E-01    2.801000
   38.24547958  0.19860658E-01    2.811000  0.63460000E-01    2.811000
   38.38153458  0.19624974E-01    2.821000  0.62930003E-01    2.821000
   38.51758957  0.19394060E-01    2.831000  0.62410001E-01    2.831000
   38.65364838  0.19167869E-01    2.841000  0.61900001E-01    2.841000
   38.78970337  0.18943265E-01    2.851000  0.61390001E-01    2.851000
   38.92575836  0.18723306E-01    2.861000  0.60890000E-01    2.861000
   39.06181717  0.18507944E-01    2.871000  0.60400002E-01    2.871000
   39.19787216  0.18291023E-01    2.881000  0.59900001E-01    2.881000
   39.33392715  0.18081689E-01    2.891000  0.59420001E-01    2.891000
   39.46998596  0.17873798E-01    2.901000  0.58940001E-01    2.901000
   39.60604095  0.17667335E-01    2.911000  0.58460001E-01    2.911000
   39.74209976  0.17465297E-01    2.921000  0.57990000E-01    2.921000
   39.87815475  0.17264638E-01    2.931000  0.57519998E-01    2.931000
   40.01420975  0.17068336E-01    2.941000  0.57060000E-01    2.941000
   40.15026855  0.16873363E-01    2.951000  0.56600001E-01    2.951000
   40.28632355  0.16682679E-01    2.961000  0.56150001E-01    2.961000
   40.42237854  0.16493278E-01    2.971000  0.55700000E-01    2.971000
   40.55843735  0.16308099E-01    2.981000  0.55259999E-01    2.981000
   40.69449234  0.16124159E-01    2.991000  0.54820001E-01    2.991000
   40.83054733  0.15941444E-01    3.001000  0.54380000E-01    3.001000
   40.96660614  0.15762864E-01    3.011000  0.53950001E-01    3.011000
   41.10266113  0.15588379E-01    3.021000  0.53530000E-01    3.021000
   41.23871613  0.15415045E-01    3.031000  0.53110000E-01    3.031000
   41.37477493  0.15242852E-01    3.041000  0.52689999E-01    3.041000
   41.51083374  0.15074669E-01    3.051000  0.52280001E-01    3.051000
   41.64688873  0.14907586E-01    3.061000  0.51870000E-01    3.061000
   41.78294754  0.14741592E-01    3.071000  0.51460002E-01    3.071000
   41.91900253  0.14579530E-01    3.081000  0.51059999E-01    3.081000
   42.05505753  0.14421364E-01    3.091000  0.50670002E-01    3.091000
   42.19111633  0.14261379E-01    3.101000  0.50269999E-01    3.101000
   42.32717133  0.14108080E-01    3.111000  0.49890000E-01    3.111000
   42.46323013  0.13952944E-01    3.121000  0.49500000E-01    3.121000
   42.59928513  0.13801609E-01    3.131000  0.49120001E-01    3.131000
   42.73534012  0.13651237E-01    3.141000  0.48740000E-01    3.141000
   42.87139893  0.13504612E-01    3.151000  0.48370000E-01    3.151000
   43.00745392  0.13358915E-01    3.161000  0.48000000E-01    3.161000
   43.14350891  0.13214136E-01    3.171000  0.47630001E-01    3.171000
   43.27956772  0.13073033E-01    3.181000  0.47270000E-01    3.181000
   43.41562271  0.12932815E-01    3.191000  0.46909999E-01    3.191000
   43.55167770  0.12796221E-01    3.201000  0.46560001E-01    3.201000
   43.68773651  0.12660477E-01    3.211000  0.46209998E-01    3.211000
   43.82379150  0.12525578E-01    3.221000  0.45860000E-01    3.221000
   43.95984650  0.12391513E-01    3.231000  0.45510001E-01    3.231000
   44.09590530  0.12260989E-01    3.241000  0.45170002E-01    3.241000
   44.23196030  0.12131268E-01    3.251000  0.44829998E-01    3.251000
   44.36801529  0.12005041E-01    3.261000  0.44500001E-01    3.261000
   44.50407410  0.11879586E-01    3.271000  0.44170000E-01    3.271000
   44.64012909  0.11754895E-01    3.281000  0.43839999E-01    3.281000
   44.77618790  0.11630963E-01    3.291000  0.43510001E-01    3.291000
   44.91224670  0.11510444E-01    3.301000  0.43189999E-01    3.301000
   45.04830170  0.11390656E-01    3.311000  0.42870000E-01    3.311000
   45.18435669  0.11271588E-01    3.321000  0.42550001E-01    3.321000
   45.32041550  0.11155877E-01    3.331000  0.42240001E-01    3.331000
   45.45647049  0.11040858E-01    3.341000  0.41930001E-01    3.341000
   45.59252930  0.10926525E-01    3.351000  0.41620001E-01    3.351000
   45.72858429  0.10815491E-01    3.361000  0.41320000E-01    3.361000
   45.86463928  0.10705114E-01    3.371000  0.41019998E-01    3.371000
   46.00069809  0.10595392E-01    3.381000  0.40720001E-01    3.381000
   46.13675308  0.10486316E-01    3.391000  0.40420000E-01    3.391000
   46.27280807  0.10380469E-01    3.401000  0.40130001E-01    3.401000
   46.40886688  0.10275242E-01    3.411000  0.39840002E-01    3.411000
   46.54492188  0.10170629E-01    3.421000  0.39549999E-01    3.421000
   46.68097687  0.10069191E-01    3.431000  0.39269999E-01    3.431000
   46.81703568  0.99657868E-02    3.441000  0.38980000E-01    3.441000
   46.95309067  0.98655303E-02    3.451000  0.38699999E-01    3.451000
   47.08914566  0.97683956E-02    3.461000  0.38430002E-01    3.461000
   47.22520447  0.96692854E-02    3.471000  0.38150001E-01    3.471000
   47.36125946  0.95732716E-02    3.481000  0.37880000E-01    3.481000
   47.49731827  0.94778088E-02    3.491000  0.37610002E-01    3.491000
   47.63337326  0.93854029E-02    3.501000  0.37349999E-01    3.501000
   47.76942825  0.92910190E-02    3.511000  0.37080001E-01    3.511000
   47.90548706  0.91996685E-02    3.521000  0.36819998E-01    3.521000
   48.04154205  0.91088364E-02    3.531000  0.36559999E-01    3.531000
   48.17759705  0.90185173E-02    3.541000  0.36300000E-01    3.541000
   48.31365967  0.89311833E-02    3.551000  0.36049999E-01    3.551000
   48.44971466  0.88418704E-02    3.561000  0.35790000E-01    3.561000
   48.58576965  0.87555209E-02    3.571000  0.35540000E-01    3.571000
   48.72182846  0.86721109E-02    3.581000  0.35300002E-01    3.581000
   48.85788345  0.85867150E-02    3.591000  0.35050001E-01    3.591000
   48.99393845  0.85042362E-02    3.601000  0.34809999E-01    3.601000
   49.12999725  0.84222151E-02    3.611000  0.34570001E-01    3.611000
   49.26605225  0.83406461E-02    3.621000  0.34329999E-01    3.621000
   49.40210724  0.82595273E-02    3.631000  0.34090001E-01    3.631000
   49.53816605  0.81788532E-02    3.641000  0.33849999E-01    3.641000
   49.67422104  0.81010312E-02    3.651000  0.33620000E-01    3.651000
   49.81027603  0.80236343E-02    3.661000  0.33390000E-01    3.661000
   49.94633484  0.79466591E-02    3.671000  0.33160001E-01    3.671000
   50.08238983  0.78724917E-02    3.681000  0.32940000E-01    3.681000
   50.21844482  0.77963431E-02    3.691000  0.32710001E-01    3.691000
   50.35450363  0.77229827E-02    3.701000  0.32490000E-01    3.701000
   50.49055862  0.76500177E-02    3.711000  0.32269999E-01    3.711000
   50.62661743  0.75774448E-02    3.721000  0.32049999E-01    3.721000
   50.76267242  0.75052619E-02    3.731000  0.31830002E-01    3.731000
   50.89872742  0.74358152E-02    3.741000  0.31620000E-01    3.741000
   51.03478622  0.73643939E-02    3.751000  0.31399999E-01    3.751000
   51.17084122  0.72956920E-02    3.761000  0.31190000E-01    3.761000
   51.30689621  0.72273540E-02    3.771000  0.30980000E-01    3.771000
   51.44295502  0.71617044E-02    3.781000  0.30780001E-01    3.781000
   51.57901001  0.70940804E-02    3.791000  0.30570000E-01    3.791000
   51.71506882  0.70291264E-02    3.801000  0.30370001E-01    3.801000
   51.85112762  0.69622051E-02    3.811000  0.30160001E-01    3.811000
   51.98718262  0.68979367E-02    3.821000  0.29960001E-01    3.821000
   52.12323761  0.68362998E-02    3.831000  0.29770000E-01    3.831000
   52.25929642  0.67726938E-02    3.841000  0.29570000E-01    3.841000
   52.39535141  0.67094182E-02    3.851000  0.29370001E-01    3.851000
   52.53140640  0.66487485E-02    3.861000  0.29180000E-01    3.861000
   52.66746521  0.65883927E-02    3.871000  0.28990000E-01    3.871000
   52.80352020  0.65283475E-02    3.881000  0.28800000E-01    3.881000
   52.93957520  0.64686114E-02    3.891000  0.28610000E-01    3.891000
   53.07563400  0.64091811E-02    3.901000  0.28419999E-01    3.901000
   53.21168900  0.63523047E-02    3.911000  0.28240001E-01    3.911000
   53.34774780  0.62934741E-02    3.921000  0.28050000E-01    3.921000
   53.48380280  0.62371810E-02    3.931000  0.27869999E-01    3.931000
   53.61985779  0.61811740E-02    3.941000  0.27690001E-01    3.941000
   53.75591660  0.61254500E-02    3.951000  0.27510000E-01    3.951000
   53.89197159  0.60700074E-02    3.961000  0.27330000E-01    3.961000
   54.02802658  0.60170596E-02    3.971000  0.27160000E-01    3.971000
   54.16408539  0.59621679E-02    3.981000  0.26980000E-01    3.981000
   54.30014038  0.59097556E-02    3.991000  0.26810000E-01    3.991000
   54.43619537  0.58576053E-02    4.001000  0.26640000E-01    4.001000
   54.57225800  0.58035213E-02    4.011000  0.26459999E-01    4.011000
   54.70830917  0.57540829E-02    4.021000  0.26300000E-01    4.021000
   54.84436798  0.57027066E-02    4.031000  0.26130000E-01    4.031000
   54.98042297  0.56515853E-02    4.041000  0.25960000E-01    4.041000
   55.11648178  0.56028874E-02    4.051000  0.25800001E-01    4.051000
   55.25253677  0.55522632E-02    4.061000  0.25629999E-01    4.061000
   55.38859558  0.55040486E-02    4.071000  0.25470000E-01    4.071000
   55.52464676  0.54560709E-02    4.081000  0.25310000E-01    4.081000
   55.66070557  0.54083267E-02    4.091000  0.25149999E-01    4.091000
   55.79676056  0.53608164E-02    4.101000  0.24990000E-01    4.101000
   55.93281937  0.53135366E-02    4.111000  0.24830000E-01    4.111000
   56.06887436  0.52686214E-02    4.121000  0.24680000E-01    4.121000
   56.20493317  0.52217936E-02    4.131000  0.24520000E-01    4.131000
   56.34098434  0.51773169E-02    4.141000  0.24370000E-01    4.141000
   56.47704697  0.51330538E-02    4.151000  0.24219999E-01    4.151000
   56.61309814  0.50890045E-02    4.161000  0.24070000E-01    4.161000
   56.74915695  0.50451654E-02    4.171000  0.23920000E-01    4.171000
   56.88521576  0.50015364E-02    4.181000  0.23770001E-01    4.181000
   57.02127075  0.49581158E-02    4.191000  0.23620000E-01    4.191000
   57.15732956  0.49169956E-02    4.201000  0.23480000E-01    4.201000
   57.29338455  0.48739820E-02    4.211000  0.23329999E-01    4.211000
   57.42944336  0.48332559E-02    4.221000  0.23189999E-01    4.221000
   57.56549454  0.47927233E-02    4.231000  0.23050001E-01    4.231000
   57.70155716  0.47523809E-02    4.241000  0.22910001E-01    4.241000
   57.83760834  0.47122289E-02    4.251000  0.22770001E-01    4.251000
   57.97366714  0.46722648E-02    4.261000  0.22630000E-01    4.261000
   58.10972214  0.46324883E-02    4.271000  0.22490000E-01    4.271000
   58.24578094  0.45928972E-02    4.281000  0.22350000E-01    4.281000
   58.38183594  0.45555414E-02    4.291000  0.22220001E-01    4.291000
   58.51789474  0.45163132E-02    4.301000  0.22080000E-01    4.301000
   58.65394592  0.44793084E-02    4.311000  0.21950001E-01    4.311000
   58.79000473  0.44404383E-02    4.321000  0.21810001E-01    4.321000
   58.92605972  0.44037791E-02    4.331000  0.21679999E-01    4.331000
   59.06211853  0.43672887E-02    4.341000  0.21550000E-01    4.341000
   59.19817352  0.43309666E-02    4.351000  0.21420000E-01    4.351000
   59.33423233  0.42948105E-02    4.361000  0.21290001E-01    4.361000
   59.47028351  0.42608328E-02    4.371000  0.21170000E-01    4.371000
   59.60634613  0.42250019E-02    4.381000  0.21040000E-01    4.381000
   59.74239731  0.41893347E-02    4.391000  0.20910000E-01    4.391000
   59.87845612  0.41558278E-02    4.401000  0.20790000E-01    4.401000
   60.01451111  0.41224736E-02    4.411000  0.20670000E-01    4.411000
   60.15056992  0.40872798E-02    4.421000  0.20540001E-01    4.421000
   60.28662872  0.40542301E-02    4.431000  0.20420000E-01    4.431000
   60.42268372  0.40213300E-02    4.441000  0.20300001E-01    4.441000
   60.55874252  0.39885770E-02    4.451000  0.20180000E-01    4.451000
   60.69479370  0.39559712E-02    4.461000  0.20059999E-01    4.461000
   60.83085632  0.39235112E-02    4.471000  0.19940000E-01    4.471000
   60.96690750  0.38931595E-02    4.481000  0.19830000E-01    4.481000
   61.10296631  0.38609840E-02    4.491000  0.19710001E-01    4.491000
   61.23902130  0.38289514E-02    4.501000  0.19590000E-01    4.501000
   61.37508011  0.37990108E-02    4.511000  0.19479999E-01    4.511000
   61.51113510  0.37692034E-02    4.521000  0.19370001E-01    4.521000
   61.64719391  0.37375851E-02    4.531000  0.19250000E-01    4.531000
   61.78324509  0.37080439E-02    4.541000  0.19140000E-01    4.541000
   61.91930771  0.36786321E-02    4.551000  0.19029999E-01    4.551000
   62.05535889  0.36493500E-02    4.561000  0.18920001E-01    4.561000
   62.19141769  0.36201953E-02    4.571000  0.18810000E-01    4.571000
   62.32747269  0.35911683E-02    4.581000  0.18700000E-01    4.581000
   62.46353149  0.35622673E-02    4.591000  0.18590000E-01    4.591000
   62.59958267  0.35354046E-02    4.601000  0.18490000E-01    4.601000
   62.73564529  0.35067499E-02    4.611000  0.18379999E-01    4.611000
   62.87169647  0.34801235E-02    4.621000  0.18279999E-01    4.621000
   63.00775528  0.34517120E-02    4.631000  0.18169999E-01    4.631000
   63.14381027  0.34253190E-02    4.641000  0.18069999E-01    4.641000
   63.27986908  0.33971478E-02    4.651000  0.17960001E-01    4.651000
   63.41592407  0.33709847E-02    4.661000  0.17859999E-01    4.661000
   63.55198288  0.33449336E-02    4.671000  0.17759999E-01    4.671000
   63.68804169  0.33189939E-02    4.681000  0.17659999E-01    4.681000
   63.82409286  0.32931651E-02    4.691000  0.17560000E-01    4.691000
   63.96015549  0.32674458E-02    4.701000  0.17460000E-01    4.701000
   64.09620667  0.32418361E-02    4.711000  0.17360000E-01    4.711000
   64.23226929  0.32163345E-02    4.721000  0.17260000E-01    4.721000
   64.36831665  0.31928007E-02    4.731000  0.17170001E-01    4.731000
   64.50437927  0.31675097E-02    4.741000  0.17069999E-01    4.741000
   64.64043427  0.31423259E-02    4.751000  0.16969999E-01    4.751000
   64.77648926  0.31190955E-02    4.761000  0.16880000E-01    4.761000
   64.91254425  0.30941188E-02    4.771000  0.16780000E-01    4.771000
   65.04860687  0.30710864E-02    4.781000  0.16690001E-01    4.781000
   65.18466187  0.30481501E-02    4.791000  0.16600000E-01    4.791000
   65.32071686  0.30234769E-02    4.801000  0.16500000E-01    4.801000
   65.45677185  0.30007353E-02    4.811000  0.16410001E-01    4.811000
   65.59282684  0.29780873E-02    4.821000  0.16319999E-01    4.821000
   65.72888184  0.29555338E-02    4.831000  0.16230000E-01    4.831000
   65.86494446  0.29330732E-02    4.841000  0.16140001E-01    4.841000
   66.00099945  0.29107051E-02    4.851000  0.16050000E-01    4.851000
   66.13705444  0.28884290E-02    4.861000  0.15960000E-01    4.861000
   66.27310944  0.28680506E-02    4.871000  0.15880000E-01    4.871000
   66.40917206  0.28459533E-02    4.881000  0.15790001E-01    4.881000
   66.54521942  0.28239462E-02    4.891000  0.15699999E-01    4.891000
   66.68128204  0.28038240E-02    4.901000  0.15620000E-01    4.901000
   66.81733704  0.27819927E-02    4.911000  0.15530000E-01    4.911000
   66.95339203  0.27620373E-02    4.921000  0.15450000E-01    4.921000
   67.08945465  0.27403789E-02    4.931000  0.15360000E-01    4.931000
   67.22550964  0.27205890E-02    4.941000  0.15280000E-01    4.941000
   67.36156464  0.27008787E-02    4.951000  0.15200000E-01    4.951000
   67.49761963  0.26794748E-02    4.961000  0.15110000E-01    4.961000
   67.63368225  0.26599265E-02    4.971000  0.15030000E-01    4.971000
   67.76972961  0.26404569E-02    4.981000  0.14950000E-01    4.981000
   67.90579224  0.26210652E-02    4.991000  0.14870000E-01    4.991000
