#            eV         sigma            Ry            om        Ry/z^2           in 10^-16
    3.20878651  0.00000000E+00    0.235842  0.00000000E+00    0.000000
    3.27896118  0.13637798E+01    0.241000  0.37360001E+00    0.241000
    3.41501737  0.20752757E+01    0.251000  0.59210002E+00    0.251000
    3.55107427  0.26409059E+01    0.261000  0.78350002E+00    0.261000
    3.68713069  0.30881803E+01    0.271000  0.95130002E+00    0.271000
    3.82318687  0.33686849E+01    0.281000  0.10760000E+01    0.281000
    3.95924377  0.35401228E+01    0.291000  0.11710000E+01    0.291000
    4.09530020  0.36504832E+01    0.301000  0.12490000E+01    0.301000
    4.23135662  0.36801994E+01    0.311000  0.13010000E+01    0.311000
    4.36741304  0.37738386E+01    0.321000  0.13770000E+01    0.321000
    4.50346947  0.39840801E+01    0.331000  0.14990000E+01    0.331000
    4.63952589  0.37459906E+01    0.341000  0.14520000E+01    0.341000
    4.77558279  0.38548158E+01    0.351000  0.15380000E+01    0.351000
    4.91163874  0.38552603E+01    0.361000  0.15820000E+01    0.361000
    5.04769516  0.37726863E+01    0.371000  0.15910000E+01    0.371000
    5.18375206  0.37198460E+01    0.381000  0.16109999E+01    0.381000
    5.31980848  0.36449593E+01    0.391000  0.16200000E+01    0.391000
    5.45586491  0.35650320E+01    0.401000  0.16250000E+01    0.401000
    5.59192133  0.34825723E+01    0.411000  0.16270000E+01    0.411000
    5.72797775  0.34019407E+01    0.421000  0.16280000E+01    0.421000
    5.86403418  0.33291329E+01    0.431000  0.16310000E+01    0.431000
    6.00009108  0.32576320E+01    0.441000  0.16330000E+01    0.441000
    6.13614750  0.31893020E+01    0.451000  0.16350000E+01    0.451000
    6.27220392  0.31201198E+01    0.461000  0.16350000E+01    0.461000
    6.40825987  0.30501397E+01    0.471000  0.16330000E+01    0.471000
    6.54431677  0.29757531E+01    0.481000  0.16270000E+01    0.481000
    6.68037319  0.28972299E+01    0.491000  0.16170000E+01    0.491000
    6.81642962  0.28183294E+01    0.501000  0.16050000E+01    0.501000
    6.95248604  0.27373522E+01    0.511000  0.15900000E+01    0.511000
    7.08854294  0.26577946E+01    0.521000  0.15740000E+01    0.521000
    7.22459936  0.25779203E+01    0.531000  0.15560000E+01    0.531000
    7.36065578  0.24993726E+01    0.541000  0.15369999E+01    0.541000
    7.49671221  0.24236762E+01    0.551000  0.15180000E+01    0.551000
    7.63276863  0.23491102E+01    0.561000  0.14980000E+01    0.561000
    7.76882458  0.22756152E+01    0.571000  0.14770000E+01    0.571000
    7.90488100  0.22046502E+01    0.581000  0.14560000E+01    0.581000
    8.04093838  0.21345980E+01    0.591000  0.14340000E+01    0.591000
    8.17699432  0.20683408E+01    0.601000  0.14130000E+01    0.601000
    8.31305122  0.20042525E+01    0.611000  0.13920000E+01    0.611000
    8.44910717  0.19408117E+01    0.621000  0.13700000E+01    0.621000
    8.58516407  0.18807758E+01    0.631000  0.13490000E+01    0.631000
    8.72122002  0.18239856E+01    0.641000  0.13290000E+01    0.641000
    8.85727692  0.17689399E+01    0.651000  0.13090000E+01    0.651000
    8.99333382  0.17155599E+01    0.661000  0.12890000E+01    0.661000
    9.12938976  0.16650820E+01    0.671000  0.12700000E+01    0.671000
    9.26544666  0.16160867E+01    0.681000  0.12510000E+01    0.681000
    9.40150261  0.15697825E+01    0.691000  0.12330000E+01    0.691000
    9.53755856  0.15247994E+01    0.701000  0.12150000E+01    0.701000
    9.67361641  0.14823188E+01    0.711000  0.11980000E+01    0.711000
    9.80967236  0.14397966E+01    0.721000  0.11799999E+01    0.721000
    9.94572926  0.13996413E+01    0.731000  0.11630000E+01    0.731000
   10.08178520  0.13617570E+01    0.741000  0.11470000E+01    0.741000
   10.21784115  0.13237103E+01    0.751000  0.11300000E+01    0.751000
   10.35389805  0.12878194E+01    0.761000  0.11140000E+01    0.761000
   10.48995495  0.12528596E+01    0.771000  0.10980000E+01    0.771000
   10.62601089  0.12187950E+01    0.781000  0.10820000E+01    0.781000
   10.76206779  0.11867039E+01    0.791000  0.10670000E+01    0.791000
   10.89812374  0.11554141E+01    0.801000  0.10520000E+01    0.801000
   11.03418064  0.11248958E+01    0.811000  0.10369999E+01    0.811000
   11.17023659  0.10961927E+01    0.821000  0.10230000E+01    0.821000
   11.30629349  0.10681803E+01    0.831000  0.10089999E+01    0.831000
   11.44235039  0.10406248E+01    0.841000  0.99479997E+00    0.841000
   11.57840633  0.10144407E+01    0.851000  0.98130000E+00    0.851000
   11.71446323  0.98927349E+00    0.861000  0.96820003E+00    0.861000
   11.85051918  0.96478513E+00    0.871000  0.95520002E+00    0.871000
   11.98657608  0.94125213E+00    0.881000  0.94260001E+00    0.881000
   12.12263203  0.91854357E+00    0.891000  0.93030000E+00    0.891000
   12.25868893  0.89653433E+00    0.901000  0.91820002E+00    0.901000
   12.39474583  0.87529804E+00    0.911000  0.90640002E+00    0.911000
   12.53080177  0.85490494E+00    0.921000  0.89499998E+00    0.921000
   12.66685867  0.83494998E+00    0.931000  0.88360000E+00    0.931000
   12.80291462  0.81598006E+00    0.941000  0.87279999E+00    0.941000
   12.93897057  0.79740910E+00    0.951000  0.86199999E+00    0.951000
   13.07502842  0.77959076E+00    0.961000  0.85159999E+00    0.961000
   13.21108437  0.76223009E+00    0.971000  0.84130001E+00    0.971000
   13.34714127  0.74549239E+00    0.981000  0.83130002E+00    0.981000
   13.48319721  0.72927000E+00    0.991000  0.82150000E+00    0.991000
   13.61925411  0.71363534E+00    1.001000  0.81199998E+00    1.001000
   13.75531101  0.69839710E+00    1.011000  0.80260003E+00    1.011000
   13.89136696  0.68362961E+00    1.021000  0.79339999E+00    1.021000
   14.02742290  0.66931928E+00    1.031000  0.78439999E+00    1.031000
   14.16347980  0.65553740E+00    1.041000  0.77569997E+00    1.041000
   14.29953575  0.64201783E+00    1.051000  0.76700002E+00    1.051000
   14.43559265  0.62900180E+00    1.061000  0.75860000E+00    1.061000
   14.57164860  0.61631099E+00    1.071000  0.75029999E+00    1.071000
   14.70770550  0.60401776E+00    1.081000  0.74220002E+00    1.081000
   14.84376144  0.59203049E+00    1.091000  0.73420000E+00    1.091000
   14.97981739  0.58042081E+00    1.101000  0.72640002E+00    1.101000
   15.11587429  0.56909928E+00    1.111000  0.71869999E+00    1.111000
   15.25193214  0.55813666E+00    1.121000  0.71120000E+00    1.121000
   15.38798809  0.54736795E+00    1.131000  0.70370001E+00    1.131000
   15.52404499  0.53694219E+00    1.141000  0.69639999E+00    1.141000
   15.66010094  0.52677403E+00    1.151000  0.68919998E+00    1.151000
   15.79615784  0.51693261E+00    1.161000  0.68220001E+00    1.161000
   15.93221378  0.50725923E+00    1.171000  0.67519999E+00    1.171000
   16.06826973  0.49782417E+00    1.181000  0.66829997E+00    1.181000
   16.20432663  0.48862143E+00    1.191000  0.66149998E+00    1.191000
   16.34038353  0.47964520E+00    1.201000  0.65480000E+00    1.201000
   16.47643852  0.47088983E+00    1.211000  0.64819998E+00    1.211000
   16.61249542  0.46234998E+00    1.221000  0.64170003E+00    1.221000
   16.74855232  0.45402027E+00    1.231000  0.63529998E+00    1.231000
   16.88460922  0.44582480E+00    1.241000  0.62889999E+00    1.241000
   17.02066612  0.43790102E+00    1.251000  0.62269998E+00    1.251000
   17.15672302  0.43010296E+00    1.261000  0.61650002E+00    1.261000
   17.29277992  0.42249679E+00    1.271000  0.61040002E+00    1.271000
   17.42883492  0.41507802E+00    1.281000  0.60439998E+00    1.281000
   17.56489182  0.40777422E+00    1.291000  0.59840000E+00    1.291000
   17.70094872  0.40065030E+00    1.301000  0.59249997E+00    1.301000
   17.83700371  0.39370221E+00    1.311000  0.58670002E+00    1.311000
   17.97306061  0.38685927E+00    1.321000  0.58090001E+00    1.321000
   18.10911751  0.38018526E+00    1.331000  0.57520002E+00    1.331000
   18.24517441  0.37367637E+00    1.341000  0.56959999E+00    1.341000
   18.38122940  0.36726387E+00    1.351000  0.56400001E+00    1.351000
   18.51728630  0.36101022E+00    1.361000  0.55849999E+00    1.361000
   18.65334511  0.35484776E+00    1.371000  0.55299997E+00    1.371000
   18.78940010  0.34883830E+00    1.381000  0.54759997E+00    1.381000
   18.92545700  0.34297849E+00    1.391000  0.54229999E+00    1.391000
   19.06151390  0.33720234E+00    1.401000  0.53700000E+00    1.401000
   19.19756889  0.33150806E+00    1.411000  0.53170002E+00    1.411000
   19.33362579  0.32595580E+00    1.421000  0.52649999E+00    1.421000
   19.46968269  0.32054264E+00    1.431000  0.52139997E+00    1.431000
   19.60573769  0.31520464E+00    1.441000  0.51630002E+00    1.441000
   19.74179459  0.31000082E+00    1.451000  0.51130003E+00    1.451000
   19.87785149  0.30486820E+00    1.461000  0.50629997E+00    1.461000
   20.01390839  0.29986522E+00    1.471000  0.50139999E+00    1.471000
   20.14996338  0.29492978E+00    1.481000  0.49649999E+00    1.481000
   20.28602219  0.29006054E+00    1.491000  0.49160001E+00    1.491000
   20.42207909  0.28537341E+00    1.501000  0.48690000E+00    1.501000
   20.55813408  0.28069010E+00    1.511000  0.48210001E+00    1.511000
   20.69419098  0.27612621E+00    1.521000  0.47740000E+00    1.521000
   20.83024788  0.27167939E+00    1.531000  0.47279999E+00    1.531000
   20.96630287  0.26729030E+00    1.541000  0.46820000E+00    1.541000
   21.10235977  0.26295781E+00    1.551000  0.46360001E+00    1.551000
   21.23841667  0.25873717E+00    1.561000  0.45910001E+00    1.561000
   21.37447357  0.25457027E+00    1.571000  0.45460001E+00    1.571000
   21.51052856  0.25051172E+00    1.581000  0.45019999E+00    1.581000
   21.64658546  0.24650421E+00    1.591000  0.44580001E+00    1.591000
   21.78264236  0.24254673E+00    1.601000  0.44139999E+00    1.601000
   21.91869736  0.23869301E+00    1.611000  0.43709999E+00    1.611000
   22.05475616  0.23488682E+00    1.621000  0.43279999E+00    1.621000
   22.19081306  0.23118127E+00    1.631000  0.42860001E+00    1.631000
   22.32686806  0.22752086E+00    1.641000  0.42440000E+00    1.641000
   22.46292496  0.22395809E+00    1.651000  0.42030001E+00    1.651000
   22.59898186  0.22043821E+00    1.661000  0.41620001E+00    1.661000
   22.73503876  0.21696045E+00    1.671000  0.41209999E+00    1.671000
   22.87109375  0.21357643E+00    1.681000  0.40810001E+00    1.681000
   23.00715065  0.21023241E+00    1.691000  0.40410000E+00    1.691000
   23.14320755  0.20697945E+00    1.701000  0.40020001E+00    1.701000
   23.27926254  0.20376448E+00    1.711000  0.39629999E+00    1.711000
   23.41531944  0.20058690E+00    1.721000  0.39240000E+00    1.721000
   23.55137634  0.19749685E+00    1.731000  0.38859999E+00    1.731000
   23.68743324  0.19444228E+00    1.741000  0.38479999E+00    1.741000
   23.82349014  0.19147286E+00    1.751000  0.38110000E+00    1.751000
   23.95954704  0.18853717E+00    1.761000  0.37740001E+00    1.761000
   24.09560394  0.18563461E+00    1.771000  0.37369999E+00    1.771000
   24.23165894  0.18281406E+00    1.781000  0.37009999E+00    1.781000
   24.36771584  0.18002500E+00    1.791000  0.36649999E+00    1.791000
   24.50377274  0.17726691E+00    1.801000  0.36289999E+00    1.801000
   24.63982773  0.17458787E+00    1.811000  0.35940000E+00    1.811000
   24.77588463  0.17193824E+00    1.821000  0.35589999E+00    1.821000
   24.91194153  0.16936560E+00    1.831000  0.35249999E+00    1.831000
   25.04799843  0.16682091E+00    1.841000  0.34909999E+00    1.841000
   25.18405342  0.16430372E+00    1.851000  0.34570000E+00    1.851000
   25.32011032  0.16181358E+00    1.861000  0.34230000E+00    1.861000
   25.45616913  0.15939706E+00    1.871000  0.33899999E+00    1.871000
   25.59222412  0.15700626E+00    1.881000  0.33570001E+00    1.881000
   25.72828102  0.15468726E+00    1.891000  0.33250001E+00    1.891000
   25.86433792  0.15239265E+00    1.901000  0.32929999E+00    1.901000
   26.00039291  0.15012206E+00    1.911000  0.32609999E+00    1.911000
   26.13644981  0.14792092E+00    1.921000  0.32300001E+00    1.921000
   26.27250671  0.14574256E+00    1.931000  0.31990001E+00    1.931000
   26.40856171  0.14358665E+00    1.941000  0.31680000E+00    1.941000
   26.54461861  0.14145284E+00    1.951000  0.31369999E+00    1.951000
   26.68067551  0.13938566E+00    1.961000  0.31070000E+00    1.961000
   26.81673241  0.13733946E+00    1.971000  0.30770001E+00    1.971000
   26.95278740  0.13535831E+00    1.981000  0.30480000E+00    1.981000
   27.08884621  0.13339706E+00    1.991000  0.30190000E+00    1.991000
   27.22490120  0.13145543E+00    2.001000  0.29899999E+00    2.001000
   27.36095619  0.12953310E+00    2.011000  0.29609999E+00    2.011000
   27.49701309  0.12767334E+00    2.021000  0.29330000E+00    2.021000
   27.63306999  0.12583187E+00    2.031000  0.29049999E+00    2.031000
   27.76912689  0.12400846E+00    2.041000  0.28770000E+00    2.041000
   27.90518570  0.12224570E+00    2.051000  0.28500000E+00    2.051000
   28.04124260  0.12050007E+00    2.061000  0.28230000E+00    2.061000
   28.17729759  0.11877129E+00    2.071000  0.27959999E+00    2.071000
   28.31335449  0.11710141E+00    2.081000  0.27700001E+00    2.081000
   28.44941139  0.11544749E+00    2.091000  0.27440000E+00    2.091000
   28.58546829  0.11380932E+00    2.101000  0.27180001E+00    2.101000
   28.72152328  0.11218666E+00    2.111000  0.26920000E+00    2.111000
   28.85758018  0.11062079E+00    2.121000  0.26670000E+00    2.121000
   28.99363708  0.10906962E+00    2.131000  0.26420000E+00    2.131000
   29.12969208  0.10753293E+00    2.141000  0.26170000E+00    2.141000
   29.26574898  0.10605143E+00    2.151000  0.25929999E+00    2.151000
   29.40180588  0.10454293E+00    2.161000  0.25680000E+00    2.161000
   29.53786278  0.10308886E+00    2.171000  0.25440001E+00    2.171000
   29.67391777  0.10168844E+00    2.181000  0.25209999E+00    2.181000
   29.80997467  0.10026067E+00    2.191000  0.24969999E+00    2.191000
   29.94603157  0.98885836E-01    2.201000  0.24740000E+00    2.201000
   30.08208656  0.97523441E-01    2.211000  0.24510001E+00    2.211000
   30.21814346  0.96173309E-01    2.221000  0.24280000E+00    2.221000
   30.35420036  0.94874719E-01    2.231000  0.24060000E+00    2.231000
   30.49025726  0.93587713E-01    2.241000  0.23840000E+00    2.241000
   30.62631226  0.92312147E-01    2.251000  0.23620000E+00    2.251000
   30.76236916  0.91047859E-01    2.261000  0.23400000E+00    2.261000
   30.89842606  0.89794711E-01    2.271000  0.23180000E+00    2.271000
   31.03448105  0.88591113E-01    2.281000  0.22970000E+00    2.281000
   31.17053795  0.87398023E-01    2.291000  0.22759999E+00    2.291000
   31.30659866  0.86215299E-01    2.301000  0.22550000E+00    2.301000
   31.44265366  0.85080883E-01    2.311000  0.22350000E+00    2.311000
   31.57871056  0.83956242E-01    2.321000  0.22149999E+00    2.321000
   31.71476746  0.82803515E-01    2.331000  0.21940000E+00    2.331000
   31.85082245  0.81735790E-01    2.341000  0.21750000E+00    2.341000
   31.98687935  0.80639729E-01    2.351000  0.21550000E+00    2.351000
   32.12293625  0.79552952E-01    2.361000  0.21349999E+00    2.361000
   32.25899124  0.78512452E-01    2.371000  0.21160001E+00    2.371000
   32.39505005  0.77480687E-01    2.381000  0.20970000E+00    2.381000
   32.53110504  0.76457553E-01    2.391000  0.20780000E+00    2.391000
   32.66716003  0.75479582E-01    2.401000  0.20600000E+00    2.401000
   32.80321884  0.74473235E-01    2.411000  0.20410000E+00    2.411000
   32.93927383  0.73511539E-01    2.421000  0.20230000E+00    2.421000
   33.07532883  0.72557756E-01    2.431000  0.20050000E+00    2.431000
   33.21138763  0.71611787E-01    2.441000  0.19870000E+00    2.441000
   33.34744263  0.70709431E-01    2.451000  0.19700000E+00    2.451000
   33.48349762  0.69778661E-01    2.461000  0.19520000E+00    2.461000
   33.61955643  0.68891027E-01    2.471000  0.19350000E+00    2.471000
   33.75561142  0.68010548E-01    2.481000  0.19180000E+00    2.481000
   33.89167023  0.67137139E-01    2.491000  0.19010000E+00    2.491000
   34.02772522  0.66270714E-01    2.501000  0.18840000E+00    2.501000
   34.16378021  0.65446227E-01    2.511000  0.18680000E+00    2.511000
   34.29983902  0.64593383E-01    2.521000  0.18510000E+00    2.521000
   34.43589401  0.63782037E-01    2.531000  0.18350001E+00    2.531000
   34.57194901  0.62977073E-01    2.541000  0.18189999E+00    2.541000
   34.70801163  0.62212905E-01    2.551000  0.18040000E+00    2.551000
   34.84406662  0.61420359E-01    2.561000  0.17880000E+00    2.561000
   34.98012161  0.60633979E-01    2.571000  0.17720000E+00    2.571000
   35.11618042  0.59887772E-01    2.581000  0.17569999E+00    2.581000
   35.25223541  0.59147331E-01    2.591000  0.17420000E+00    2.591000
   35.38829041  0.58412583E-01    2.601000  0.17270000E+00    2.601000
   35.52434921  0.57683463E-01    2.611000  0.17120001E+00    2.611000
   35.66040421  0.56993468E-01    2.621000  0.16980000E+00    2.621000
   35.79645920  0.56275285E-01    2.631000  0.16830000E+00    2.631000
   35.93251801  0.55595846E-01    2.641000  0.16689999E+00    2.641000
   36.06857300  0.54921539E-01    2.651000  0.16550000E+00    2.651000
   36.20462799  0.54252300E-01    2.661000  0.16410001E+00    2.661000
   36.34068680  0.53588067E-01    2.671000  0.16270000E+00    2.671000
   36.47674179  0.52928794E-01    2.681000  0.16130000E+00    2.681000
   36.61279678  0.52274415E-01    2.691000  0.15989999E+00    2.691000
   36.74885559  0.51657459E-01    2.701000  0.15860000E+00    2.701000
   36.88491058  0.51045049E-01    2.711000  0.15730000E+00    2.711000
   37.02096939  0.50404814E-01    2.721000  0.15590000E+00    2.721000
   37.15702438  0.49801476E-01    2.731000  0.15459999E+00    2.731000
   37.29307938  0.49234641E-01    2.741000  0.15340000E+00    2.741000
   37.42913818  0.48639943E-01    2.751000  0.15210000E+00    2.751000
   37.56519318  0.48049557E-01    2.761000  0.15080000E+00    2.761000
   37.70124817  0.47495177E-01    2.771000  0.14960000E+00    2.771000
   37.83730698  0.46913154E-01    2.781000  0.14830001E+00    2.781000
   37.97336197  0.46366818E-01    2.791000  0.14710000E+00    2.791000
   38.10942078  0.45824379E-01    2.801000  0.14590000E+00    2.801000
   38.24547958  0.45285808E-01    2.811000  0.14470001E+00    2.811000
   38.38153458  0.44751050E-01    2.821000  0.14350000E+00    2.821000
   38.51758957  0.44251146E-01    2.831000  0.14240000E+00    2.831000
   38.65364838  0.43723800E-01    2.841000  0.14120001E+00    2.841000
   38.78970337  0.43231006E-01    2.851000  0.14010000E+00    2.851000
   38.92575836  0.42710908E-01    2.861000  0.13890000E+00    2.861000
   39.06181717  0.42225075E-01    2.871000  0.13779999E+00    2.871000
   39.19787216  0.41742619E-01    2.881000  0.13670000E+00    2.881000
   39.33392715  0.41263497E-01    2.891000  0.13560000E+00    2.891000
   39.46998596  0.40787677E-01    2.901000  0.13450000E+00    2.901000
   39.60604095  0.40315127E-01    2.911000  0.13339999E+00    2.911000
   39.74209976  0.39845817E-01    2.921000  0.13230000E+00    2.921000
   39.87815475  0.39409720E-01    2.931000  0.13130000E+00    2.931000
   40.01420975  0.38946675E-01    2.941000  0.13020000E+00    2.941000
   40.15026855  0.38516581E-01    2.951000  0.12920000E+00    2.951000
   40.28632355  0.38089392E-01    2.961000  0.12819999E+00    2.961000
   40.42237854  0.37665082E-01    2.971000  0.12720001E+00    2.971000
   40.55843735  0.37243616E-01    2.981000  0.12620001E+00    2.981000
   40.69449234  0.36824967E-01    2.991000  0.12520000E+00    2.991000
   40.83054733  0.36409109E-01    3.001000  0.12420000E+00    3.001000
   40.96660614  0.35996012E-01    3.011000  0.12320000E+00    3.011000
   41.10266113  0.35614772E-01    3.021000  0.12230000E+00    3.021000
   41.23871613  0.35207023E-01    3.031000  0.12130000E+00    3.031000
   41.37477493  0.34830884E-01    3.041000  0.12040000E+00    3.041000
   41.51083374  0.34428376E-01    3.051000  0.11940000E+00    3.051000
   41.64688873  0.34057239E-01    3.061000  0.11850000E+00    3.061000
   41.78294754  0.33688520E-01    3.071000  0.11760000E+00    3.071000
   41.91900253  0.33322193E-01    3.081000  0.11670000E+00    3.081000
   42.05505753  0.32958237E-01    3.091000  0.11580000E+00    3.091000
   42.19111633  0.32596629E-01    3.101000  0.11490000E+00    3.101000
   42.32717133  0.32237345E-01    3.111000  0.11400000E+00    3.111000
   42.46323013  0.31880363E-01    3.121000  0.11310000E+00    3.121000
   42.59928513  0.31553760E-01    3.131000  0.11230000E+00    3.131000
   42.73534012  0.31201228E-01    3.141000  0.11140000E+00    3.141000
   42.87139893  0.30878853E-01    3.151000  0.11060000E+00    3.151000
   43.00745392  0.30530686E-01    3.161000  0.10970000E+00    3.161000
   43.14350891  0.30212459E-01    3.171000  0.10890000E+00    3.171000
   43.27956772  0.29896231E-01    3.181000  0.10810000E+00    3.181000
   43.41562271  0.29581987E-01    3.191000  0.10730000E+00    3.191000
   43.55167770  0.29269706E-01    3.201000  0.10650000E+00    3.201000
   43.68773651  0.28959371E-01    3.211000  0.10570000E+00    3.211000
   43.82379150  0.28650962E-01    3.221000  0.10490000E+00    3.221000
   43.95984650  0.28344460E-01    3.231000  0.10410000E+00    3.231000
   44.09590530  0.28039852E-01    3.241000  0.10330000E+00    3.241000
   44.23196030  0.27764179E-01    3.251000  0.10260000E+00    3.251000
   44.36801529  0.27463218E-01    3.261000  0.10180000E+00    3.261000
   44.50407410  0.27164098E-01    3.271000  0.10100000E+00    3.271000
   44.64012909  0.26893613E-01    3.281000  0.10030000E+00    3.281000
   44.77618790  0.26614080E-01    3.291000  0.99560000E-01    3.291000
   44.91224670  0.26338903E-01    3.301000  0.98830000E-01    3.301000
   45.04830170  0.26068047E-01    3.311000  0.98109998E-01    3.311000
   45.18435669  0.25798825E-01    3.321000  0.97390004E-01    3.321000
   45.32041550  0.25533857E-01    3.331000  0.96680000E-01    3.331000
   45.45647049  0.25270476E-01    3.341000  0.95969997E-01    3.341000
   45.59252930  0.25013919E-01    3.351000  0.95279999E-01    3.351000
   45.72858429  0.24758888E-01    3.361000  0.94590001E-01    3.361000
   45.86463928  0.24505371E-01    3.371000  0.93900003E-01    3.371000
   46.00069809  0.24255954E-01    3.381000  0.93220003E-01    3.381000
   46.13675308  0.24010603E-01    3.391000  0.92550002E-01    3.391000
   46.27280807  0.23769281E-01    3.401000  0.91890000E-01    3.401000
   46.40886688  0.23529374E-01    3.411000  0.91229998E-01    3.411000
   46.54492188  0.23293443E-01    3.421000  0.90580001E-01    3.421000
   46.68097687  0.23058885E-01    3.431000  0.89929998E-01    3.431000
   46.81703568  0.22828248E-01    3.441000  0.89290000E-01    3.441000
   46.95309067  0.22598948E-01    3.451000  0.88650003E-01    3.451000
   47.08914566  0.22373513E-01    3.461000  0.88019997E-01    3.461000
   47.22520447  0.22151913E-01    3.471000  0.87399997E-01    3.471000
   47.36125946  0.21931586E-01    3.481000  0.86779997E-01    3.481000
   47.49731827  0.21715043E-01    3.491000  0.86170003E-01    3.491000
   47.63337326  0.21499735E-01    3.501000  0.85560001E-01    3.501000
   47.76942825  0.21288159E-01    3.511000  0.84959999E-01    3.511000
   47.90548706  0.21080285E-01    3.521000  0.84370002E-01    3.521000
   48.04154205  0.20873586E-01    3.531000  0.83779998E-01    3.531000
   48.17759705  0.20668057E-01    3.541000  0.83190002E-01    3.541000
   48.31365967  0.20466161E-01    3.551000  0.82610004E-01    3.551000
   48.44971466  0.20267869E-01    3.561000  0.82039997E-01    3.561000
   48.58576965  0.20070689E-01    3.571000  0.81469998E-01    3.571000
   48.72182846  0.19877066E-01    3.581000  0.80909997E-01    3.581000
   48.85788345  0.19684522E-01    3.591000  0.80349997E-01    3.591000
   48.99393845  0.19493050E-01    3.601000  0.79790004E-01    3.601000
   49.12999725  0.19307507E-01    3.611000  0.79250000E-01    3.611000
   49.26605225  0.19120561E-01    3.621000  0.78699999E-01    3.621000
   49.40210724  0.18937068E-01    3.631000  0.78160003E-01    3.631000
   49.53816605  0.18756998E-01    3.641000  0.77629998E-01    3.641000
   49.67422104  0.18577915E-01    3.651000  0.77100001E-01    3.651000
   49.81027603  0.18399810E-01    3.661000  0.76569997E-01    3.661000
   49.94633484  0.18225072E-01    3.671000  0.76049998E-01    3.671000
   50.08238983  0.18053674E-01    3.681000  0.75539999E-01    3.681000
   50.21844482  0.17883204E-01    3.691000  0.75029999E-01    3.691000
   50.35450363  0.17713655E-01    3.701000  0.74519999E-01    3.701000
   50.49055862  0.17547391E-01    3.711000  0.74019998E-01    3.711000
   50.62661743  0.17382020E-01    3.721000  0.73519997E-01    3.721000
   50.76267242  0.17219895E-01    3.731000  0.73030002E-01    3.731000
   50.89872742  0.17058635E-01    3.741000  0.72540000E-01    3.741000
   51.03478622  0.16898235E-01    3.751000  0.72049998E-01    3.751000
   51.17084122  0.16741028E-01    3.761000  0.71570002E-01    3.761000
   51.30689621  0.16586986E-01    3.771000  0.71099997E-01    3.771000
   51.44295502  0.16431435E-01    3.781000  0.70620000E-01    3.781000
   51.57901001  0.16281344E-01    3.791000  0.70160002E-01    3.791000
   51.71506882  0.16129726E-01    3.801000  0.69689997E-01    3.801000
   51.85112762  0.15981215E-01    3.811000  0.69229998E-01    3.811000
   51.98718262  0.15833481E-01    3.821000  0.68769999E-01    3.821000
   52.12323761  0.15688814E-01    3.831000  0.68319999E-01    3.831000
   52.25929642  0.15544901E-01    3.841000  0.67869999E-01    3.841000
   52.39535141  0.15404019E-01    3.851000  0.67429997E-01    3.851000
   52.53140640  0.15263869E-01    3.861000  0.66990003E-01    3.861000
   52.66746521  0.15124441E-01    3.871000  0.66550002E-01    3.871000
   52.80352020  0.14987998E-01    3.881000  0.66119999E-01    3.881000
   52.93957520  0.14852258E-01    3.891000  0.65690003E-01    3.891000
   53.07563400  0.14717212E-01    3.901000  0.65260001E-01    3.901000
   53.21168900  0.14585106E-01    3.911000  0.64839996E-01    3.911000
   53.34774780  0.14453676E-01    3.921000  0.64420000E-01    3.921000
   53.48380280  0.14322914E-01    3.931000  0.64000003E-01    3.931000
   53.61985779  0.14195046E-01    3.941000  0.63589998E-01    3.941000
   53.75591660  0.14067827E-01    3.951000  0.63180000E-01    3.951000
   53.89197159  0.13943471E-01    3.961000  0.62780000E-01    3.961000
   54.02802658  0.13817526E-01    3.971000  0.62369999E-01    3.971000
   54.16408539  0.13694423E-01    3.981000  0.61969999E-01    3.981000
   54.30014038  0.13574142E-01    3.991000  0.61579999E-01    3.991000
   54.43619537  0.13454462E-01    4.001000  0.61190002E-01    4.001000
   54.57225800  0.13335378E-01    4.011000  0.60800001E-01    4.011000
   54.70830917  0.13216888E-01    4.021000  0.60410000E-01    4.021000
   54.84436798  0.13101166E-01    4.031000  0.60029998E-01    4.031000
   54.98042297  0.12986019E-01    4.041000  0.59650000E-01    4.041000
   55.11648178  0.12871439E-01    4.051000  0.59269998E-01    4.051000
   55.25253677  0.12759591E-01    4.061000  0.58899999E-01    4.061000
   55.38859558  0.12648291E-01    4.071000  0.58529999E-01    4.071000
   55.52464676  0.12537538E-01    4.081000  0.58160000E-01    4.081000
   55.66070557  0.12429475E-01    4.091000  0.57799999E-01    4.091000
   55.79676056  0.12319795E-01    4.101000  0.57429999E-01    4.101000
   55.93281937  0.12214928E-01    4.111000  0.57080001E-01    4.111000
   56.06887436  0.12108436E-01    4.121000  0.56720000E-01    4.121000
   56.20493317  0.12004588E-01    4.131000  0.56370001E-01    4.131000
   56.34098434  0.11901243E-01    4.141000  0.56019999E-01    4.141000
   56.47704697  0.11798395E-01    4.151000  0.55670001E-01    4.151000
   56.61309814  0.11698156E-01    4.161000  0.55330001E-01    4.161000
   56.74915695  0.11598397E-01    4.171000  0.54990001E-01    4.171000
   56.88521576  0.11499115E-01    4.181000  0.54650001E-01    4.181000
   57.02127075  0.11400308E-01    4.191000  0.54310001E-01    4.191000
   57.15732956  0.11304064E-01    4.201000  0.53980000E-01    4.201000
   57.29338455  0.11208278E-01    4.211000  0.53649999E-01    4.211000
   57.42944336  0.11112946E-01    4.221000  0.53320002E-01    4.221000
   57.56549454  0.11018065E-01    4.231000  0.52990001E-01    4.231000
   57.70155716  0.10925704E-01    4.241000  0.52669998E-01    4.241000
   57.83760834  0.10833780E-01    4.251000  0.52350000E-01    4.251000
   57.97366714  0.10742286E-01    4.261000  0.52030001E-01    4.261000
   58.10972214  0.10653281E-01    4.271000  0.51720001E-01    4.271000
   58.24578094  0.10562636E-01    4.281000  0.51399998E-01    4.281000
   58.38183594  0.10474464E-01    4.291000  0.51089998E-01    4.291000
   58.51789474  0.10388748E-01    4.301000  0.50790001E-01    4.301000
   58.65394592  0.10301389E-01    4.311000  0.50480001E-01    4.311000
   58.79000473  0.10216469E-01    4.321000  0.50179999E-01    4.321000
   58.92605972  0.10131943E-01    4.331000  0.49880002E-01    4.331000
   59.06211853  0.10047804E-01    4.341000  0.49580000E-01    4.341000
   59.19817352  0.99640536E-02    4.351000  0.49279999E-01    4.351000
   59.33423233  0.98827038E-02    4.361000  0.48990000E-01    4.361000
   59.47028351  0.97997141E-02    4.371000  0.48689999E-01    4.371000
   59.60634613  0.97191108E-02    4.381000  0.48400000E-01    4.381000
   59.74239731  0.96408789E-02    4.391000  0.48119999E-01    4.391000
   59.87845612  0.95610028E-02    4.401000  0.47830001E-01    4.401000
   60.01451111  0.94834841E-02    4.411000  0.47550000E-01    4.411000
   60.15056992  0.94063150E-02    4.421000  0.47270000E-01    4.421000
   60.28662872  0.93294942E-02    4.431000  0.46990000E-01    4.431000
   60.42268372  0.92530204E-02    4.441000  0.46709999E-01    4.441000
   60.55874252  0.91788663E-02    4.451000  0.46440002E-01    4.451000
   60.69479370  0.91050448E-02    4.461000  0.46170000E-01    4.461000
   60.83085632  0.90315525E-02    4.471000  0.45899998E-01    4.471000
   60.96690750  0.89583900E-02    4.481000  0.45630001E-01    4.481000
   61.10296631  0.88855516E-02    4.491000  0.45359999E-01    4.491000
   61.23902130  0.88149929E-02    4.501000  0.45100000E-01    4.501000
   61.37508011  0.87427953E-02    4.511000  0.44829998E-01    4.511000
   61.51113510  0.86728644E-02    4.521000  0.44569999E-01    4.521000
   61.64719391  0.86051826E-02    4.531000  0.44319998E-01    4.531000
   61.78324509  0.85358628E-02    4.541000  0.44059999E-01    4.541000
   61.91930771  0.84687795E-02    4.551000  0.43809999E-01    4.551000
   62.05535889  0.84000627E-02    4.561000  0.43550000E-01    4.561000
   62.19141769  0.83335700E-02    4.571000  0.43299999E-01    4.571000
   62.32747269  0.82673685E-02    4.581000  0.43049999E-01    4.581000
   62.46353149  0.82033712E-02    4.591000  0.42810000E-01    4.591000
   62.59958267  0.81377404E-02    4.601000  0.42560000E-01    4.601000
   62.73564529  0.80743011E-02    4.611000  0.42319998E-01    4.611000
   62.87169647  0.80111380E-02    4.621000  0.42080000E-01    4.621000
   63.00775528  0.79482461E-02    4.631000  0.41839998E-01    4.631000
   63.14381027  0.78856267E-02    4.641000  0.41600000E-01    4.641000
   63.27986908  0.78232751E-02    4.651000  0.41359998E-01    4.651000
   63.41592407  0.77630797E-02    4.661000  0.41129999E-01    4.661000
   63.55198288  0.77012582E-02    4.671000  0.40890001E-01    4.671000
   63.68804169  0.76415799E-02    4.681000  0.40660001E-01    4.681000
   63.82409286  0.75821561E-02    4.691000  0.40429998E-01    4.691000
   63.96015549  0.75229851E-02    4.701000  0.40199999E-01    4.701000
   64.09620667  0.74659339E-02    4.711000  0.39980002E-01    4.711000
   64.23226929  0.74072590E-02    4.721000  0.39749999E-01    4.721000
   64.36831665  0.73506936E-02    4.731000  0.39530002E-01    4.731000
   64.50437927  0.72943654E-02    4.741000  0.39310001E-01    4.741000
   64.64043427  0.72382750E-02    4.751000  0.39090000E-01    4.751000
   64.77648926  0.71824195E-02    4.761000  0.38869999E-01    4.761000
   64.91254425  0.71267989E-02    4.771000  0.38649999E-01    4.771000
   65.04860687  0.70732508E-02    4.781000  0.38440000E-01    4.781000
   65.18466187  0.70199262E-02    4.791000  0.38229998E-01    4.791000
   65.32071686  0.69649916E-02    4.801000  0.38010001E-01    4.801000
   65.45677185  0.69121137E-02    4.811000  0.37799999E-01    4.811000
   65.59282684  0.68612798E-02    4.821000  0.37599999E-01    4.821000
   65.72888184  0.68088362E-02    4.831000  0.37390001E-01    4.831000
   65.86494446  0.67566079E-02    4.841000  0.37179999E-01    4.841000
   66.00099945  0.67064095E-02    4.851000  0.36979999E-01    4.851000
   66.13705444  0.66546075E-02    4.861000  0.36770001E-01    4.861000
   66.27310944  0.66048247E-02    4.871000  0.36570001E-01    4.871000
   66.40917206  0.65552452E-02    4.881000  0.36370002E-01    4.881000
   66.54521942  0.65058684E-02    4.891000  0.36169998E-01    4.891000
   66.68128204  0.64584886E-02    4.901000  0.35980001E-01    4.901000
   66.81733704  0.64095106E-02    4.911000  0.35780001E-01    4.911000
   66.95339203  0.63625185E-02    4.921000  0.35590000E-01    4.921000
   67.08945465  0.63139332E-02    4.931000  0.35390001E-01    4.931000
   67.22550964  0.62673253E-02    4.941000  0.35200000E-01    4.941000
   67.36156464  0.62209052E-02    4.951000  0.35009999E-01    4.951000
   67.49761963  0.61746734E-02    4.961000  0.34820002E-01    4.961000
   67.63368225  0.61286264E-02    4.971000  0.34630001E-01    4.971000
   67.76972961  0.60845309E-02    4.981000  0.34449998E-01    4.981000
   67.90579224  0.60388497E-02    4.991000  0.34260001E-01    4.991000
