#            eV         sigma            Ry            om        Ry/z^2           in 10^-16
    4.83792409  0.00000000E+00    0.355582  0.00000000E+00    0.000000
    4.91163874  0.95747899E-01    0.361000  0.39290000E-01    0.361000
    5.04769516  0.17075497E+00    0.371000  0.72010003E-01    0.371000
    5.18375206  0.23667550E+00    0.381000  0.10250000E+00    0.381000
    5.31980848  0.28304684E+00    0.391000  0.12580000E+00    0.391000
    5.45586491  0.32052380E+00    0.401000  0.14610000E+00    0.401000
    5.59192133  0.35296632E+00    0.411000  0.16490000E+00    0.411000
    5.72797775  0.38198694E+00    0.421000  0.18279999E+00    0.421000
    5.86403418  0.40945680E+00    0.431000  0.20060000E+00    0.431000
    6.00009108  0.43667827E+00    0.441000  0.21890000E+00    0.441000
    6.13614750  0.46152222E+00    0.451000  0.23660000E+00    0.451000
    6.27220392  0.48433420E+00    0.461000  0.25380000E+00    0.461000
    6.40825987  0.50561716E+00    0.471000  0.27070001E+00    0.471000
    6.54431677  0.52692962E+00    0.481000  0.28810000E+00    0.481000
    6.68037319  0.54809070E+00    0.491000  0.30590001E+00    0.491000
    6.81642962  0.56946056E+00    0.501000  0.32429999E+00    0.501000
    6.95248604  0.59033842E+00    0.511000  0.34290001E+00    0.511000
    7.08854294  0.61210328E+00    0.521000  0.36250001E+00    0.521000
    7.22459936  0.63536791E+00    0.531000  0.38350001E+00    0.531000
    7.36065578  0.65956123E+00    0.541000  0.40560001E+00    0.541000
    7.49671221  0.68415366E+00    0.551000  0.42850000E+00    0.551000
    7.63276863  0.70865348E+00    0.561000  0.45190001E+00    0.561000
    7.76882458  0.73352770E+00    0.571000  0.47610000E+00    0.571000
    7.90488100  0.75663718E+00    0.581000  0.49970001E+00    0.581000
    8.04093838  0.77866682E+00    0.591000  0.52310002E+00    0.591000
    8.17699432  0.79864598E+00    0.601000  0.54560000E+00    0.601000
    8.31305122  0.81624341E+00    0.611000  0.56690001E+00    0.611000
    8.44910717  0.83143240E+00    0.621000  0.58690000E+00    0.621000
    8.58516407  0.84404873E+00    0.631000  0.60540003E+00    0.631000
    8.72122002  0.85407546E+00    0.641000  0.62230003E+00    0.641000
    8.85727692  0.86217240E+00    0.651000  0.63800001E+00    0.651000
    8.99333382  0.86802802E+00    0.661000  0.65219998E+00    0.661000
    9.12938976  0.87200473E+00    0.671000  0.66509998E+00    0.671000
    9.26544666  0.87496037E+00    0.681000  0.67729998E+00    0.681000
    9.40150261  0.87617541E+00    0.691000  0.68820000E+00    0.691000
    9.53755856  0.87622626E+00    0.701000  0.69819999E+00    0.701000
    9.67361641  0.87528580E+00    0.711000  0.70740002E+00    0.711000
    9.80967236  0.87339529E+00    0.721000  0.71579999E+00    0.721000
    9.94572926  0.87083443E+00    0.731000  0.72359997E+00    0.731000
   10.08178520  0.86751170E+00    0.741000  0.73070002E+00    0.741000
   10.21784115  0.86369165E+00    0.751000  0.73729998E+00    0.751000
   10.35389805  0.85927847E+00    0.761000  0.74330002E+00    0.761000
   10.48995495  0.85212705E+00    0.771000  0.74680001E+00    0.771000
   10.62601089  0.84921396E+00    0.781000  0.75389999E+00    0.781000
   10.76206779  0.84326042E+00    0.791000  0.75819999E+00    0.791000
   10.89812374  0.83723590E+00    0.801000  0.76230001E+00    0.801000
   11.03418064  0.83081755E+00    0.811000  0.76590002E+00    0.811000
   11.17023659  0.82423409E+00    0.821000  0.76920003E+00    0.821000
   11.30629349  0.81749144E+00    0.831000  0.77219999E+00    0.831000
   11.44235039  0.81059533E+00    0.841000  0.77490002E+00    0.841000
   11.57840633  0.80344777E+00    0.851000  0.77719998E+00    0.851000
   11.71446323  0.79636410E+00    0.861000  0.77939999E+00    0.861000
   11.85051918  0.78893805E+00    0.871000  0.78109998E+00    0.871000
   11.98657608  0.78158077E+00    0.881000  0.78270000E+00    0.881000
   12.12263203  0.77409238E+00    0.891000  0.78399998E+00    0.891000
   12.25868893  0.76657490E+00    0.901000  0.78509998E+00    0.901000
   12.39474583  0.75912593E+00    0.911000  0.78609997E+00    0.911000
   12.53080177  0.75164770E+00    0.921000  0.78689998E+00    0.921000
   12.66685867  0.74489707E+00    0.931000  0.78829998E+00    0.931000
   12.80291462  0.73688761E+00    0.941000  0.78820002E+00    0.941000
   12.93897057  0.72960157E+00    0.951000  0.78869998E+00    0.951000
   13.07502842  0.72228404E+00    0.961000  0.78899997E+00    0.961000
   13.21108437  0.71502673E+00    0.971000  0.78920001E+00    0.971000
   13.34714127  0.70782767E+00    0.981000  0.78930002E+00    0.981000
   13.48319721  0.70077385E+00    0.991000  0.78939998E+00    0.991000
   13.61925411  0.69377308E+00    1.001000  0.78939998E+00    1.001000
   13.75531101  0.68691084E+00    1.011000  0.78939998E+00    1.011000
   13.89136696  0.68018302E+00    1.021000  0.78939998E+00    1.021000
   14.02742290  0.67350043E+00    1.031000  0.78930002E+00    1.031000
   14.16347980  0.66694616E+00    1.041000  0.78920001E+00    1.041000
   14.29953575  0.66043291E+00    1.051000  0.78899997E+00    1.051000
   14.43559265  0.65404248E+00    1.061000  0.78880000E+00    1.061000
   14.57164860  0.64777138E+00    1.071000  0.78860003E+00    1.071000
   14.70770550  0.64161626E+00    1.081000  0.78839999E+00    1.081000
   14.84376144  0.63549337E+00    1.091000  0.78810000E+00    1.091000
   14.97981739  0.62956158E+00    1.101000  0.78789997E+00    1.101000
   15.11587429  0.62373661E+00    1.111000  0.78770000E+00    1.111000
   15.25193214  0.61793702E+00    1.121000  0.78740001E+00    1.121000
   15.38798809  0.61231780E+00    1.131000  0.78719997E+00    1.131000
   15.52404499  0.60672000E+00    1.141000  0.78689998E+00    1.141000
   15.66010094  0.60129592E+00    1.151000  0.78670001E+00    1.151000
   15.79615784  0.59588949E+00    1.161000  0.78640002E+00    1.161000
   15.93221378  0.59065049E+00    1.171000  0.78619999E+00    1.171000
   16.06826973  0.58542575E+00    1.181000  0.78590000E+00    1.181000
   16.20432663  0.58036263E+00    1.191000  0.78570002E+00    1.191000
   16.34038353  0.57531052E+00    1.201000  0.78539997E+00    1.201000
   16.47643852  0.57034189E+00    1.211000  0.78509998E+00    1.211000
   16.61249542  0.56545464E+00    1.221000  0.78479999E+00    1.221000
   16.74855232  0.56071828E+00    1.231000  0.78460002E+00    1.231000
   16.88460922  0.55598729E+00    1.241000  0.78430003E+00    1.241000
   17.02066612  0.55140228E+00    1.251000  0.78410000E+00    1.251000
   17.15672302  0.54682026E+00    1.261000  0.78380001E+00    1.261000
   17.29277992  0.54231033E+00    1.271000  0.78350002E+00    1.271000
   17.42883492  0.53793947E+00    1.281000  0.78329998E+00    1.281000
   17.56489182  0.53356821E+00    1.291000  0.78299999E+00    1.291000
   17.70094872  0.52926414E+00    1.301000  0.78270000E+00    1.301000
   17.83700371  0.52509285E+00    1.311000  0.78250003E+00    1.311000
   17.97306061  0.52091807E+00    1.321000  0.78219998E+00    1.321000
   18.10911751  0.51680605E+00    1.331000  0.78189999E+00    1.331000
   18.24517441  0.51282098E+00    1.341000  0.78170002E+00    1.341000
   18.38122940  0.50882978E+00    1.351000  0.78140002E+00    1.351000
   18.51728630  0.50496183E+00    1.361000  0.78119999E+00    1.361000
   18.65334511  0.50108613E+00    1.371000  0.78090000E+00    1.371000
   18.78940010  0.49726660E+00    1.381000  0.78060001E+00    1.381000
   18.92545700  0.49356521E+00    1.391000  0.78039998E+00    1.391000
   19.06151390  0.48985389E+00    1.401000  0.78009999E+00    1.401000
   19.19756889  0.48619517E+00    1.411000  0.77980000E+00    1.411000
   19.33362579  0.48264987E+00    1.421000  0.77960002E+00    1.421000
   19.46968269  0.47909260E+00    1.431000  0.77929997E+00    1.431000
   19.60573769  0.47558473E+00    1.441000  0.77899998E+00    1.441000
   19.74179459  0.47212522E+00    1.451000  0.77869999E+00    1.451000
   19.87785149  0.46877329E+00    1.461000  0.77850002E+00    1.461000
   20.01390839  0.46540708E+00    1.471000  0.77819997E+00    1.471000
   20.14996338  0.46208636E+00    1.481000  0.77789998E+00    1.481000
   20.28602219  0.45881015E+00    1.491000  0.77759999E+00    1.491000
   20.42207909  0.45557763E+00    1.501000  0.77730000E+00    1.501000
   20.55813408  0.45238790E+00    1.511000  0.77700001E+00    1.511000
   20.69419098  0.44924011E+00    1.521000  0.77670002E+00    1.521000
   20.83024788  0.44613344E+00    1.531000  0.77640003E+00    1.531000
   20.96630287  0.44306706E+00    1.541000  0.77609998E+00    1.541000
   21.10235977  0.44004025E+00    1.551000  0.77579999E+00    1.551000
   21.23841667  0.43705222E+00    1.561000  0.77550000E+00    1.561000
   21.37447357  0.43404623E+00    1.571000  0.77509999E+00    1.571000
   21.51052856  0.43113391E+00    1.581000  0.77480000E+00    1.581000
   21.64658546  0.42825820E+00    1.591000  0.77450001E+00    1.591000
   21.78264236  0.42536346E+00    1.601000  0.77410001E+00    1.601000
   21.91869736  0.42255928E+00    1.611000  0.77380002E+00    1.611000
   22.05475616  0.41973538E+00    1.621000  0.77340001E+00    1.621000
   22.19081306  0.41700008E+00    1.631000  0.77310002E+00    1.631000
   22.32686806  0.41424451E+00    1.641000  0.77270001E+00    1.641000
   22.46292496  0.41152231E+00    1.651000  0.77230000E+00    1.651000
   22.59898186  0.40888587E+00    1.661000  0.77200001E+00    1.661000
   22.73503876  0.40622833E+00    1.671000  0.77160001E+00    1.671000
   22.87109375  0.40360240E+00    1.681000  0.77120000E+00    1.681000
   23.00715065  0.40100753E+00    1.691000  0.77079999E+00    1.691000
   23.14320755  0.39849490E+00    1.701000  0.77050000E+00    1.701000
   23.27926254  0.39596022E+00    1.711000  0.77010000E+00    1.711000
   23.41531944  0.39345499E+00    1.721000  0.76969999E+00    1.721000
   23.55137634  0.39097870E+00    1.731000  0.76929998E+00    1.731000
   23.68743324  0.38853084E+00    1.741000  0.76889998E+00    1.741000
   23.82349014  0.38606074E+00    1.751000  0.76840001E+00    1.751000
   23.95954704  0.38366863E+00    1.761000  0.76800001E+00    1.761000
   24.09560394  0.38130353E+00    1.771000  0.76760000E+00    1.771000
   24.23165894  0.37891559E+00    1.781000  0.76709998E+00    1.781000
   24.36771584  0.37660347E+00    1.791000  0.76670003E+00    1.791000
   24.50377274  0.37426815E+00    1.801000  0.76620001E+00    1.801000
   24.63982773  0.37200720E+00    1.811000  0.76580000E+00    1.811000
   24.77588463  0.36972276E+00    1.821000  0.76529998E+00    1.821000
   24.91194153  0.36746331E+00    1.831000  0.76480001E+00    1.831000
   25.04799843  0.36527616E+00    1.841000  0.76440001E+00    1.841000
   25.18405342  0.36306512E+00    1.851000  0.76389998E+00    1.851000
   25.32011032  0.36087786E+00    1.861000  0.76340002E+00    1.861000
   25.45616913  0.35871393E+00    1.871000  0.76289999E+00    1.871000
   25.59222412  0.35657303E+00    1.881000  0.76239997E+00    1.881000
   25.72828102  0.35445481E+00    1.891000  0.76190001E+00    1.891000
   25.86433792  0.35235884E+00    1.901000  0.76139998E+00    1.901000
   26.00039291  0.35028484E+00    1.911000  0.76090002E+00    1.911000
   26.13644981  0.34818659E+00    1.921000  0.76029998E+00    1.921000
   26.27250671  0.34615568E+00    1.931000  0.75980002E+00    1.931000
   26.40856171  0.34414566E+00    1.941000  0.75929999E+00    1.941000
   26.54461861  0.34211117E+00    1.951000  0.75870001E+00    1.951000
   26.68067551  0.34014228E+00    1.961000  0.75819999E+00    1.961000
   26.81673241  0.33814875E+00    1.971000  0.75760001E+00    1.971000
   26.95278740  0.33621974E+00    1.981000  0.75709999E+00    1.981000
   27.08884621  0.33426592E+00    1.991000  0.75650001E+00    1.991000
   27.22490120  0.33233166E+00    2.001000  0.75590003E+00    2.001000
   27.36095619  0.33041660E+00    2.011000  0.75529999E+00    2.011000
   27.49701309  0.32856405E+00    2.021000  0.75480002E+00    2.021000
   27.63306999  0.32668639E+00    2.031000  0.75419998E+00    2.031000
   27.76912689  0.32482716E+00    2.041000  0.75360000E+00    2.041000
   27.90518570  0.32298603E+00    2.051000  0.75300002E+00    2.051000
   28.04124260  0.32116277E+00    2.061000  0.75239998E+00    2.061000
   28.17729759  0.31935714E+00    2.071000  0.75180000E+00    2.071000
   28.31335449  0.31752659E+00    2.081000  0.75110000E+00    2.081000
   28.44941139  0.31575562E+00    2.091000  0.75050002E+00    2.091000
   28.58546829  0.31400149E+00    2.101000  0.74989998E+00    2.101000
   28.72152328  0.31226400E+00    2.111000  0.74930000E+00    2.111000
   28.85758018  0.31050141E+00    2.121000  0.74860001E+00    2.121000
   28.99363708  0.30879665E+00    2.131000  0.74800003E+00    2.131000
   29.12969208  0.30706672E+00    2.141000  0.74730003E+00    2.141000
   29.26574898  0.30539376E+00    2.151000  0.74669999E+00    2.151000
   29.40180588  0.30369559E+00    2.161000  0.74599999E+00    2.161000
   29.53786278  0.30201306E+00    2.171000  0.74529999E+00    2.171000
   29.67391777  0.30038631E+00    2.181000  0.74470001E+00    2.181000
   29.80997467  0.29873424E+00    2.191000  0.74400002E+00    2.191000
   29.94603157  0.29709719E+00    2.201000  0.74330002E+00    2.201000
   30.08208656  0.29551471E+00    2.211000  0.74269998E+00    2.211000
   30.21814346  0.29390690E+00    2.221000  0.74199998E+00    2.221000
   30.35420036  0.29231349E+00    2.231000  0.74129999E+00    2.231000
   30.49025726  0.29073431E+00    2.241000  0.74059999E+00    2.241000
   30.62631226  0.28916916E+00    2.251000  0.73989999E+00    2.251000
   30.76236916  0.28761785E+00    2.261000  0.73920000E+00    2.261000
   30.89842606  0.28608021E+00    2.271000  0.73850000E+00    2.271000
   31.03448105  0.28455605E+00    2.281000  0.73780000E+00    2.281000
   31.17053795  0.28304519E+00    2.291000  0.73710001E+00    2.291000
   31.30659866  0.28154743E+00    2.301000  0.73640001E+00    2.301000
   31.44265366  0.28002460E+00    2.311000  0.73559999E+00    2.311000
   31.57871056  0.27855279E+00    2.321000  0.73490000E+00    2.321000
   31.71476746  0.27709362E+00    2.331000  0.73420000E+00    2.331000
   31.85082245  0.27560932E+00    2.341000  0.73339999E+00    2.341000
   31.98687935  0.27417508E+00    2.351000  0.73269999E+00    2.351000
   32.12293625  0.27275298E+00    2.361000  0.73199999E+00    2.361000
   32.25899124  0.27130578E+00    2.371000  0.73119998E+00    2.371000
   32.39505005  0.26990768E+00    2.381000  0.73049998E+00    2.381000
   32.53110504  0.26848450E+00    2.391000  0.72970003E+00    2.391000
   32.66716003  0.26710977E+00    2.401000  0.72899997E+00    2.401000
   32.80321884  0.26571000E+00    2.411000  0.72820002E+00    2.411000
   32.93927383  0.26435812E+00    2.421000  0.72750002E+00    2.421000
   33.07532883  0.26298116E+00    2.431000  0.72670001E+00    2.431000
   33.21138763  0.26161549E+00    2.441000  0.72589999E+00    2.441000
   33.34744263  0.26029685E+00    2.451000  0.72520000E+00    2.451000
   33.48349762  0.25895318E+00    2.461000  0.72439998E+00    2.461000
   33.61955643  0.25762039E+00    2.471000  0.72359997E+00    2.471000
   33.75561142  0.25629836E+00    2.481000  0.72280002E+00    2.481000
   33.89167023  0.25498693E+00    2.491000  0.72200000E+00    2.491000
   34.02772522  0.25372116E+00    2.501000  0.72130001E+00    2.501000
   34.16378021  0.25243043E+00    2.511000  0.72049999E+00    2.511000
   34.29983902  0.25114995E+00    2.521000  0.71969998E+00    2.521000
   34.43589401  0.24987960E+00    2.531000  0.71890002E+00    2.531000
   34.57194901  0.24861923E+00    2.541000  0.71810001E+00    2.541000
   34.70801163  0.24736872E+00    2.551000  0.71730000E+00    2.551000
   34.84406662  0.24612800E+00    2.561000  0.71649998E+00    2.561000
   34.98012161  0.24489693E+00    2.571000  0.71569997E+00    2.571000
   35.11618042  0.24367542E+00    2.581000  0.71490002E+00    2.581000
   35.25223541  0.24246332E+00    2.591000  0.71410000E+00    2.591000
   35.38829041  0.24126053E+00    2.601000  0.71329999E+00    2.601000
   35.52434921  0.24006697E+00    2.611000  0.71249998E+00    2.611000
   35.66040421  0.23888253E+00    2.621000  0.71170002E+00    2.621000
   35.79645920  0.23770707E+00    2.631000  0.71090001E+00    2.631000
   35.93251801  0.23650720E+00    2.641000  0.70999998E+00    2.641000
   36.06857300  0.23534959E+00    2.651000  0.70920002E+00    2.651000
   36.20462799  0.23420066E+00    2.661000  0.70840001E+00    2.661000
   36.34068680  0.23306033E+00    2.671000  0.70760000E+00    2.671000
   36.47674179  0.23192852E+00    2.681000  0.70679998E+00    2.681000
   36.61279678  0.23077243E+00    2.691000  0.70590001E+00    2.691000
   36.74885559  0.22965746E+00    2.701000  0.70510000E+00    2.701000
   36.88491058  0.22855072E+00    2.711000  0.70429999E+00    2.711000
   37.02096939  0.22745212E+00    2.721000  0.70349997E+00    2.721000
   37.15702438  0.22632936E+00    2.731000  0.70260000E+00    2.731000
   37.29307938  0.22524687E+00    2.741000  0.70179999E+00    2.741000
   37.42913818  0.22417225E+00    2.751000  0.70099998E+00    2.751000
   37.56519318  0.22307357E+00    2.761000  0.70010000E+00    2.761000
   37.70124817  0.22201455E+00    2.771000  0.69929999E+00    2.771000
   37.83730698  0.22096315E+00    2.781000  0.69849998E+00    2.781000
   37.97336197  0.21988778E+00    2.791000  0.69760001E+00    2.791000
   38.10942078  0.21885146E+00    2.801000  0.69679999E+00    2.801000
   38.24547958  0.21782253E+00    2.811000  0.69599998E+00    2.811000
   38.38153458  0.21676972E+00    2.821000  0.69510001E+00    2.821000
   38.51758957  0.21575542E+00    2.831000  0.69430000E+00    2.831000
   38.65364838  0.21471730E+00    2.841000  0.69340003E+00    2.841000
   38.78970337  0.21371731E+00    2.851000  0.69260001E+00    2.851000
   38.92575836  0.21269355E+00    2.861000  0.69169998E+00    2.861000
   39.06181717  0.21170760E+00    2.871000  0.69090003E+00    2.871000
   39.19787216  0.21072846E+00    2.881000  0.69010001E+00    2.881000
   39.33392715  0.20972567E+00    2.891000  0.68919998E+00    2.891000
   39.46998596  0.20876012E+00    2.901000  0.68839997E+00    2.901000
   39.60604095  0.20777100E+00    2.911000  0.68750000E+00    2.911000
   39.74209976  0.20681875E+00    2.921000  0.68669999E+00    2.921000
   39.87815475  0.20584300E+00    2.931000  0.68580002E+00    2.931000
   40.01420975  0.20490379E+00    2.941000  0.68500000E+00    2.941000
   40.15026855  0.20394112E+00    2.951000  0.68409997E+00    2.951000
   40.28632355  0.20301469E+00    2.961000  0.68330002E+00    2.961000
   40.42237854  0.20206486E+00    2.971000  0.68239999E+00    2.971000
   40.55843735  0.20115092E+00    2.981000  0.68159997E+00    2.981000
   40.69449234  0.20021369E+00    2.991000  0.68070000E+00    2.991000
   40.83054733  0.19931202E+00    3.001000  0.67989999E+00    3.001000
   40.96660614  0.19838712E+00    3.011000  0.67900002E+00    3.011000
   41.10266113  0.19749746E+00    3.021000  0.67820001E+00    3.021000
   41.23871613  0.19658463E+00    3.031000  0.67729998E+00    3.031000
   41.37477493  0.19567783E+00    3.041000  0.67640001E+00    3.041000
   41.51083374  0.19480578E+00    3.051000  0.67559999E+00    3.051000
   41.64688873  0.19391072E+00    3.061000  0.67470002E+00    3.061000
   41.78294754  0.19305011E+00    3.071000  0.67390001E+00    3.071000
   41.91900253  0.19216654E+00    3.081000  0.67299998E+00    3.081000
   42.05505753  0.19131717E+00    3.091000  0.67220002E+00    3.091000
   42.19111633  0.19044488E+00    3.101000  0.67129999E+00    3.101000
   42.32717133  0.18960648E+00    3.111000  0.67049998E+00    3.111000
   42.46323013  0.18874528E+00    3.121000  0.66960001E+00    3.121000
   42.59928513  0.18791767E+00    3.131000  0.66880000E+00    3.131000
   42.73534012  0.18706733E+00    3.141000  0.66790003E+00    3.141000
   42.87139893  0.18625030E+00    3.151000  0.66710001E+00    3.151000
   43.00745392  0.18541060E+00    3.161000  0.66619998E+00    3.161000
   43.14350891  0.18460396E+00    3.171000  0.66540003E+00    3.171000
   43.27956772  0.18377471E+00    3.181000  0.66450000E+00    3.181000
   43.41562271  0.18297824E+00    3.191000  0.66369998E+00    3.191000
   43.55167770  0.18215927E+00    3.201000  0.66280001E+00    3.201000
   43.68773651  0.18134538E+00    3.211000  0.66189998E+00    3.211000
   43.82379150  0.18056387E+00    3.221000  0.66109997E+00    3.221000
   43.95984650  0.17975998E+00    3.231000  0.66020000E+00    3.231000
   44.09590530  0.17898818E+00    3.241000  0.65939999E+00    3.241000
   44.23196030  0.17819408E+00    3.251000  0.65850002E+00    3.251000
   44.36801529  0.17743181E+00    3.261000  0.65770000E+00    3.261000
   44.50407410  0.17664731E+00    3.271000  0.65679997E+00    3.271000
   44.64012909  0.17589442E+00    3.281000  0.65600002E+00    3.281000
   44.77618790  0.17511936E+00    3.291000  0.65509999E+00    3.291000
   44.91224670  0.17437563E+00    3.301000  0.65429997E+00    3.301000
   45.04830170  0.17360985E+00    3.311000  0.65340000E+00    3.311000
   45.18435669  0.17287516E+00    3.321000  0.65259999E+00    3.321000
   45.32041550  0.17211849E+00    3.331000  0.65170002E+00    3.331000
   45.45647049  0.17139266E+00    3.341000  0.65090001E+00    3.341000
   45.59252930  0.17064491E+00    3.351000  0.64999998E+00    3.351000
   45.72858429  0.16992780E+00    3.361000  0.64920002E+00    3.361000
   45.86463928  0.16918883E+00    3.371000  0.64829999E+00    3.371000
   46.00069809  0.16848026E+00    3.381000  0.64749998E+00    3.381000
   46.13675308  0.16774993E+00    3.391000  0.64660001E+00    3.391000
   46.27280807  0.16704975E+00    3.401000  0.64579999E+00    3.401000
   46.40886688  0.16632790E+00    3.411000  0.64490002E+00    3.411000
   46.54492188  0.16563597E+00    3.421000  0.64410001E+00    3.421000
   46.68097687  0.16494808E+00    3.431000  0.64330000E+00    3.431000
   46.81703568  0.16423863E+00    3.441000  0.64240003E+00    3.441000
   46.95309067  0.16355877E+00    3.451000  0.64160001E+00    3.451000
   47.08914566  0.16285742E+00    3.461000  0.64069998E+00    3.461000
   47.22520447  0.16218547E+00    3.471000  0.63990003E+00    3.471000
   47.36125946  0.16151737E+00    3.481000  0.63910002E+00    3.481000
   47.49731827  0.16082790E+00    3.491000  0.63819999E+00    3.491000
   47.63337326  0.16016749E+00    3.501000  0.63739997E+00    3.501000
   47.76942825  0.15948580E+00    3.511000  0.63650000E+00    3.511000
   47.90548706  0.15883296E+00    3.521000  0.63569999E+00    3.521000
   48.04154205  0.15818381E+00    3.531000  0.63489997E+00    3.531000
   48.17759705  0.15751350E+00    3.541000  0.63400000E+00    3.541000
   48.31365967  0.15687171E+00    3.551000  0.63319999E+00    3.551000
   48.44971466  0.15623355E+00    3.561000  0.63239998E+00    3.561000
   48.58576965  0.15557433E+00    3.571000  0.63150001E+00    3.571000
   48.72182846  0.15494334E+00    3.581000  0.63069999E+00    3.581000
   48.85788345  0.15431588E+00    3.591000  0.62989998E+00    3.591000
   48.99393845  0.15369191E+00    3.601000  0.62910002E+00    3.601000
   49.12999725  0.15304701E+00    3.611000  0.62819999E+00    3.611000
   49.26605225  0.15242998E+00    3.621000  0.62739998E+00    3.621000
   49.40210724  0.15181636E+00    3.631000  0.62660003E+00    3.631000
   49.53816605  0.15120610E+00    3.641000  0.62580001E+00    3.641000
   49.67422104  0.15057508E+00    3.651000  0.62489998E+00    3.651000
   49.81027603  0.14997156E+00    3.661000  0.62410003E+00    3.661000
   49.94633484  0.14937131E+00    3.671000  0.62330002E+00    3.671000
   50.08238983  0.14877432E+00    3.681000  0.62250000E+00    3.681000
   50.21844482  0.14815673E+00    3.691000  0.62159997E+00    3.691000
   50.35450363  0.14756626E+00    3.701000  0.62080002E+00    3.701000
   50.49055862  0.14697896E+00    3.711000  0.62000000E+00    3.711000
   50.62661743  0.14639482E+00    3.721000  0.61919999E+00    3.721000
   50.76267242  0.14581381E+00    3.731000  0.61839998E+00    3.731000
   50.89872742  0.14523592E+00    3.741000  0.61760002E+00    3.741000
   51.03478622  0.14466109E+00    3.751000  0.61680001E+00    3.751000
   51.17084122  0.14406593E+00    3.761000  0.61589998E+00    3.761000
   51.30689621  0.14349728E+00    3.771000  0.61510003E+00    3.771000
   51.44295502  0.14293161E+00    3.781000  0.61430001E+00    3.781000
   51.57901001  0.14236893E+00    3.791000  0.61350000E+00    3.791000
   51.71506882  0.14180920E+00    3.801000  0.61269999E+00    3.801000
   51.85112762  0.14125242E+00    3.811000  0.61189997E+00    3.811000
   51.98718262  0.14069857E+00    3.821000  0.61110002E+00    3.821000
   52.12323761  0.14014759E+00    3.831000  0.61030000E+00    3.831000
   52.25929642  0.13959949E+00    3.841000  0.60949999E+00    3.841000
   52.39535141  0.13905423E+00    3.851000  0.60869998E+00    3.851000
   52.53140640  0.13851180E+00    3.861000  0.60790002E+00    3.861000
   52.66746521  0.13797217E+00    3.871000  0.60710001E+00    3.871000
   52.80352020  0.13743532E+00    3.881000  0.60630000E+00    3.881000
   52.93957520  0.13690122E+00    3.891000  0.60549998E+00    3.891000
   53.07563400  0.13636988E+00    3.901000  0.60470003E+00    3.901000
   53.21168900  0.13584125E+00    3.911000  0.60390002E+00    3.911000
   53.34774780  0.13531530E+00    3.921000  0.60310000E+00    3.921000
   53.48380280  0.13479204E+00    3.931000  0.60229999E+00    3.931000
   53.61985779  0.13429376E+00    3.941000  0.60159999E+00    3.941000
   53.75591660  0.13377572E+00    3.951000  0.60079998E+00    3.951000
   53.89197159  0.13326032E+00    3.961000  0.60000002E+00    3.961000
   54.02802658  0.13274750E+00    3.971000  0.59920001E+00    3.971000
   54.16408539  0.13223726E+00    3.981000  0.59840000E+00    3.981000
   54.30014038  0.13172957E+00    3.991000  0.59759998E+00    3.991000
   54.43619537  0.13122444E+00    4.001000  0.59680003E+00    4.001000
   54.57225800  0.13074372E+00    4.011000  0.59609997E+00    4.011000
   54.70830917  0.13024356E+00    4.021000  0.59530002E+00    4.021000
   54.84436798  0.12974585E+00    4.031000  0.59450001E+00    4.031000
   54.98042297  0.12925062E+00    4.041000  0.59369999E+00    4.041000
   55.11648178  0.12875782E+00    4.051000  0.59289998E+00    4.051000
   55.25253677  0.12828913E+00    4.061000  0.59219998E+00    4.061000
   55.38859558  0.12780112E+00    4.071000  0.59140003E+00    4.071000
   55.52464676  0.12731551E+00    4.081000  0.59060001E+00    4.081000
   55.66070557  0.12685376E+00    4.091000  0.58990002E+00    4.091000
   55.79676056  0.12637283E+00    4.101000  0.58910000E+00    4.101000
   55.93281937  0.12589422E+00    4.111000  0.58829999E+00    4.111000
   56.06887436  0.12543930E+00    4.121000  0.58759999E+00    4.121000
   56.20493317  0.12496527E+00    4.131000  0.58679998E+00    4.131000
   56.34098434  0.12449355E+00    4.141000  0.58600003E+00    4.141000
   56.47704697  0.12404528E+00    4.151000  0.58530003E+00    4.151000
   56.61309814  0.12357803E+00    4.161000  0.58450001E+00    4.161000
   56.74915695  0.12313410E+00    4.171000  0.58380002E+00    4.171000
   56.88521576  0.12267125E+00    4.181000  0.58300000E+00    4.181000
   57.02127075  0.12221063E+00    4.191000  0.58219999E+00    4.191000
   57.15732956  0.12177312E+00    4.201000  0.58149999E+00    4.201000
   57.29338455  0.12131682E+00    4.211000  0.58069998E+00    4.211000
   57.42944336  0.12088350E+00    4.221000  0.57999998E+00    4.221000
   57.56549454  0.12043147E+00    4.231000  0.57920003E+00    4.231000
   57.70155716  0.12000228E+00    4.241000  0.57849997E+00    4.241000
   57.83760834  0.11955444E+00    4.251000  0.57770002E+00    4.251000
   57.97366714  0.11912933E+00    4.261000  0.57700002E+00    4.261000
   58.10972214  0.11868563E+00    4.271000  0.57620001E+00    4.271000
   58.24578094  0.11826453E+00    4.281000  0.57550001E+00    4.281000
   58.38183594  0.11784542E+00    4.291000  0.57480001E+00    4.291000
   58.51789474  0.11740778E+00    4.301000  0.57400000E+00    4.301000
   58.65394592  0.11699259E+00    4.311000  0.57330000E+00    4.311000
   58.79000473  0.11657932E+00    4.321000  0.57260001E+00    4.321000
   58.92605972  0.11614764E+00    4.331000  0.57179999E+00    4.331000
   59.06211853  0.11573822E+00    4.341000  0.57110000E+00    4.341000
   59.19817352  0.11531046E+00    4.351000  0.57029998E+00    4.351000
   59.33423233  0.11490484E+00    4.361000  0.56959999E+00    4.361000
   59.47028351  0.11450108E+00    4.371000  0.56889999E+00    4.371000
   59.60634613  0.11409915E+00    4.381000  0.56819999E+00    4.381000
   59.74239731  0.11367902E+00    4.391000  0.56739998E+00    4.391000
   59.87845612  0.11328079E+00    4.401000  0.56669998E+00    4.401000
   60.01451111  0.11288437E+00    4.411000  0.56599998E+00    4.411000
   60.15056992  0.11248973E+00    4.421000  0.56529999E+00    4.421000
   60.28662872  0.11207702E+00    4.431000  0.56449997E+00    4.431000
   60.42268372  0.11168599E+00    4.441000  0.56379998E+00    4.441000
   60.55874252  0.11129671E+00    4.451000  0.56309998E+00    4.451000
   60.69479370  0.11090918E+00    4.461000  0.56239998E+00    4.461000
   60.83085632  0.11052338E+00    4.471000  0.56169999E+00    4.471000
   60.96690750  0.11013931E+00    4.481000  0.56099999E+00    4.481000
   61.10296631  0.10973734E+00    4.491000  0.56019998E+00    4.491000
   61.23902130  0.10935673E+00    4.501000  0.55949998E+00    4.501000
   61.37508011  0.10897778E+00    4.511000  0.55879998E+00    4.511000
   61.51113510  0.10860053E+00    4.521000  0.55809999E+00    4.521000
   61.64719391  0.10822493E+00    4.531000  0.55739999E+00    4.531000
   61.78324509  0.10785099E+00    4.541000  0.55669999E+00    4.541000
   61.91930771  0.10747869E+00    4.551000  0.55599999E+00    4.551000
   62.05535889  0.10710803E+00    4.561000  0.55530000E+00    4.561000
   62.19141769  0.10673898E+00    4.571000  0.55460000E+00    4.571000
   62.32747269  0.10637156E+00    4.581000  0.55390000E+00    4.581000
   62.46353149  0.10600572E+00    4.591000  0.55320001E+00    4.591000
   62.59958267  0.10564149E+00    4.601000  0.55250001E+00    4.601000
   62.73564529  0.10527882E+00    4.611000  0.55180001E+00    4.611000
   62.87169647  0.10491773E+00    4.621000  0.55110002E+00    4.621000
   63.00775528  0.10455820E+00    4.631000  0.55040002E+00    4.631000
   63.14381027  0.10420022E+00    4.641000  0.54970002E+00    4.641000
   63.27986908  0.10386268E+00    4.651000  0.54909998E+00    4.651000
   63.41592407  0.10350773E+00    4.661000  0.54839998E+00    4.661000
   63.55198288  0.10315429E+00    4.671000  0.54769999E+00    4.671000
   63.68804169  0.10280236E+00    4.681000  0.54699999E+00    4.681000
   63.82409286  0.10245194E+00    4.691000  0.54629999E+00    4.691000
   63.96015549  0.10210300E+00    4.701000  0.54560000E+00    4.701000
   64.09620667  0.10177423E+00    4.711000  0.54500002E+00    4.711000
   64.23226929  0.10142821E+00    4.721000  0.54430002E+00    4.721000
   64.36831665  0.10108366E+00    4.731000  0.54360002E+00    4.731000
   64.50437927  0.10074055E+00    4.741000  0.54290003E+00    4.741000
   64.64043427  0.10041741E+00    4.751000  0.54229999E+00    4.751000
   64.77648926  0.10007714E+00    4.761000  0.54159999E+00    4.761000
   64.91254425  0.99738308E-01    4.771000  0.54089999E+00    4.771000
   65.04860687  0.99400885E-01    4.781000  0.54020000E+00    4.781000
   65.18466187  0.99083245E-01    4.791000  0.53960001E+00    4.791000
   65.32071686  0.98748592E-01    4.801000  0.53890002E+00    4.801000
   65.45677185  0.98433618E-01    4.811000  0.53829998E+00    4.811000
   65.59282684  0.98101700E-01    4.821000  0.53759998E+00    4.821000
   65.72888184  0.97771167E-01    4.831000  0.53689998E+00    4.831000
   65.86494446  0.97460165E-01    4.841000  0.53630000E+00    4.841000
   66.00099945  0.97132316E-01    4.851000  0.53560001E+00    4.851000
   66.13705444  0.96823908E-01    4.861000  0.53500003E+00    4.861000
   66.27310944  0.96498712E-01    4.871000  0.53430003E+00    4.871000
   66.40917206  0.96192855E-01    4.881000  0.53369999E+00    4.881000
   66.54521942  0.95870279E-01    4.891000  0.53299999E+00    4.891000
   66.68128204  0.95549009E-01    4.901000  0.53230000E+00    4.901000
   66.81733704  0.95246975E-01    4.911000  0.53170002E+00    4.911000
   66.95339203  0.94946147E-01    4.921000  0.53109998E+00    4.921000
   67.08945465  0.94628707E-01    4.931000  0.53039998E+00    4.931000
   67.22550964  0.94330368E-01    4.941000  0.52980000E+00    4.941000
   67.36156464  0.94015454E-01    4.951000  0.52910000E+00    4.951000
   67.49761963  0.93719555E-01    4.961000  0.52850002E+00    4.961000
   67.63368225  0.93407136E-01    4.971000  0.52780002E+00    4.971000
   67.76972961  0.93113635E-01    4.981000  0.52719998E+00    4.981000
   67.90579224  0.92821312E-01    4.991000  0.52660000E+00    4.991000
