#            eV         sigma            Ry            om        Ry/z^2           in 10^-16
    4.14867284  0.00000000E+00    0.304923  0.00000000E+00    0.000000
    4.23135662  0.17787160E+00    0.311000  0.62880002E-01    0.311000
    4.36741304  0.50948193E+00    0.321000  0.18590000E+00    0.321000
    4.50346947  0.71415768E+00    0.331000  0.26870000E+00    0.331000
    4.63952589  0.65580637E+00    0.341000  0.25420001E+00    0.341000
    4.77558279  0.70705040E+00    0.351000  0.28209999E+00    0.351000
    4.91163874  0.78128727E+00    0.361000  0.32060000E+00    0.361000
    5.04769516  0.90677267E+00    0.371000  0.38240001E+00    0.371000
    5.18375206  0.10422958E+01    0.381000  0.45140001E+00    0.381000
    5.31980848  0.11769619E+01    0.391000  0.52310002E+00    0.391000
    5.45586491  0.13044727E+01    0.401000  0.59460002E+00    0.401000
    5.59192133  0.14247082E+01    0.411000  0.66560000E+00    0.411000
    5.72797775  0.15394408E+01    0.421000  0.73670000E+00    0.421000
    5.86403418  0.16441548E+01    0.431000  0.80549997E+00    0.431000
    6.00009108  0.17443193E+01    0.441000  0.87440002E+00    0.441000
    6.13614750  0.18302887E+01    0.451000  0.93830001E+00    0.451000
    6.27220392  0.19102386E+01    0.461000  0.10010000E+01    0.461000
    6.40825987  0.19798823E+01    0.471000  0.10599999E+01    0.471000
    6.54431677  0.20393146E+01    0.481000  0.11150000E+01    0.481000
    6.68037319  0.20873672E+01    0.491000  0.11650000E+01    0.491000
    6.81642962  0.21282338E+01    0.501000  0.12120000E+01    0.501000
    6.95248604  0.21623361E+01    0.511000  0.12560000E+01    0.511000
    7.08854294  0.21883747E+01    0.521000  0.12960000E+01    0.521000
    7.22459936  0.22084625E+01    0.531000  0.13329999E+01    0.531000
    7.36065578  0.22196772E+01    0.541000  0.13650000E+01    0.541000
    7.49671221  0.22256949E+01    0.551000  0.13940001E+01    0.551000
    7.63276863  0.22283616E+01    0.561000  0.14210000E+01    0.561000
    7.76882458  0.22263129E+01    0.571000  0.14450001E+01    0.571000
    7.90488100  0.22197920E+01    0.581000  0.14660000E+01    0.581000
    8.04093838  0.22090260E+01    0.591000  0.14840000E+01    0.591000
    8.17699432  0.21956909E+01    0.601000  0.15000000E+01    0.601000
    8.31305122  0.21784728E+01    0.611000  0.15130000E+01    0.611000
    8.44910717  0.21603926E+01    0.621000  0.15250000E+01    0.621000
    8.58516407  0.21400970E+01    0.631000  0.15350000E+01    0.631000
    8.72122002  0.21204346E+01    0.641000  0.15450000E+01    0.641000
    8.85727692  0.20986735E+01    0.651000  0.15530000E+01    0.651000
    8.99333382  0.20749091E+01    0.661000  0.15590000E+01    0.661000
    9.12938976  0.20505420E+01    0.671000  0.15640000E+01    0.671000
    9.26544666  0.20255985E+01    0.681000  0.15680000E+01    0.681000
    9.40150261  0.20013772E+01    0.691000  0.15720000E+01    0.691000
    9.53755856  0.19778467E+01    0.701000  0.15760000E+01    0.701000
    9.67361641  0.19537408E+01    0.711000  0.15790000E+01    0.711000
    9.80967236  0.19290835E+01    0.721000  0.15810000E+01    0.721000
    9.94572926  0.19063043E+01    0.731000  0.15840000E+01    0.731000
   10.08178520  0.18817655E+01    0.741000  0.15850000E+01    0.741000
   10.21784115  0.18590515E+01    0.751000  0.15870000E+01    0.751000
   10.35389805  0.18357786E+01    0.761000  0.15880001E+01    0.761000
   10.48995495  0.18131091E+01    0.771000  0.15890000E+01    0.771000
   10.62601089  0.17898939E+01    0.781000  0.15890000E+01    0.781000
   10.76206779  0.17683779E+01    0.791000  0.15900000E+01    0.791000
   10.89812374  0.17463008E+01    0.801000  0.15900000E+01    0.801000
   11.03418064  0.17258528E+01    0.811000  0.15910000E+01    0.811000
   11.17023659  0.17048315E+01    0.821000  0.15910000E+01    0.821000
   11.30629349  0.16853748E+01    0.831000  0.15920000E+01    0.831000
   11.44235039  0.16653345E+01    0.841000  0.15920000E+01    0.841000
   11.57840633  0.16457654E+01    0.851000  0.15920000E+01    0.851000
   11.71446323  0.16266508E+01    0.861000  0.15920000E+01    0.861000
   11.85051918  0.16079752E+01    0.871000  0.15920000E+01    0.871000
   11.98657608  0.15897235E+01    0.881000  0.15920000E+01    0.881000
   12.12263203  0.15718815E+01    0.891000  0.15920000E+01    0.891000
   12.25868893  0.15544355E+01    0.901000  0.15920000E+01    0.901000
   12.39474583  0.15383382E+01    0.911000  0.15930001E+01    0.911000
   12.53080177  0.15216354E+01    0.921000  0.15930001E+01    0.921000
   12.66685867  0.15052913E+01    0.931000  0.15930001E+01    0.931000
   12.80291462  0.14902294E+01    0.941000  0.15940000E+01    0.941000
   12.93897057  0.14745593E+01    0.951000  0.15940000E+01    0.951000
   13.07502842  0.14601307E+01    0.961000  0.15950000E+01    0.961000
   13.21108437  0.14459993E+01    0.971000  0.15960000E+01    0.971000
   13.34714127  0.14321560E+01    0.981000  0.15970000E+01    0.981000
   13.48319721  0.14185922E+01    0.991000  0.15980000E+01    0.991000
   13.61925411  0.14052992E+01    1.001000  0.15990000E+01    1.001000
   13.75531101  0.13922693E+01    1.011000  0.16000000E+01    1.011000
   13.89136696  0.13794946E+01    1.021000  0.16010000E+01    1.021000
   14.02742290  0.13678211E+01    1.031000  0.16030000E+01    1.031000
   14.16347980  0.13555266E+01    1.041000  0.16040000E+01    1.041000
   14.29953575  0.13443032E+01    1.051000  0.16059999E+01    1.051000
   14.43559265  0.13332915E+01    1.061000  0.16080000E+01    1.061000
   14.57164860  0.13224853E+01    1.071000  0.16100000E+01    1.071000
   14.70770550  0.13118790E+01    1.081000  0.16120000E+01    1.081000
   14.84376144  0.13014672E+01    1.091000  0.16140000E+01    1.091000
   14.97981739  0.12912446E+01    1.101000  0.16160001E+01    1.101000
   15.11587429  0.12819977E+01    1.111000  0.16190000E+01    1.111000
   15.25193214  0.12721310E+01    1.121000  0.16210001E+01    1.121000
   15.38798809  0.12632166E+01    1.131000  0.16240000E+01    1.131000
   15.52404499  0.12544586E+01    1.141000  0.16270000E+01    1.141000
   15.66010094  0.12458527E+01    1.151000  0.16300000E+01    1.151000
   15.79615784  0.12366373E+01    1.161000  0.16320000E+01    1.161000
   15.93221378  0.12290820E+01    1.171000  0.16360000E+01    1.171000
   16.06826973  0.12209096E+01    1.181000  0.16390001E+01    1.181000
   16.20432663  0.12128744E+01    1.191000  0.16420000E+01    1.191000
   16.34038353  0.12049730E+01    1.201000  0.16450000E+01    1.201000
   16.47643852  0.11979287E+01    1.211000  0.16490000E+01    1.211000
   16.61249542  0.11909997E+01    1.221000  0.16530000E+01    1.221000
   16.74855232  0.11834686E+01    1.231000  0.16560000E+01    1.231000
   16.88460922  0.11767676E+01    1.241000  0.16600000E+01    1.241000
   17.02066612  0.11701740E+01    1.251000  0.16640000E+01    1.251000
   17.15672302  0.11636848E+01    1.261000  0.16680000E+01    1.261000
   17.29277992  0.11572979E+01    1.271000  0.16720001E+01    1.271000
   17.42883492  0.11510106E+01    1.281000  0.16760000E+01    1.281000
   17.56489182  0.11448206E+01    1.291000  0.16799999E+01    1.291000
   17.70094872  0.11387260E+01    1.301000  0.16840000E+01    1.301000
   17.83700371  0.11327242E+01    1.311000  0.16880000E+01    1.311000
   17.97306061  0.11274793E+01    1.321000  0.16930000E+01    1.321000
   18.10911751  0.11216523E+01    1.331000  0.16970000E+01    1.331000
   18.24517441  0.11165681E+01    1.341000  0.17020000E+01    1.341000
   18.38122940  0.11109081E+01    1.351000  0.17060000E+01    1.351000
   18.51728630  0.11059776E+01    1.361000  0.17110000E+01    1.361000
   18.65334511  0.11004773E+01    1.371000  0.17150000E+01    1.371000
   18.78940010  0.10956938E+01    1.381000  0.17200000E+01    1.381000
   18.92545700  0.10909790E+01    1.391000  0.17250000E+01    1.391000
   19.06151390  0.10857036E+01    1.401000  0.17290000E+01    1.401000
   19.19756889  0.10811265E+01    1.411000  0.17340000E+01    1.411000
   19.33362579  0.10766138E+01    1.421000  0.17390000E+01    1.421000
   19.46968269  0.10721641E+01    1.431000  0.17440000E+01    1.431000
   19.60573769  0.10677762E+01    1.441000  0.17490000E+01    1.441000
   19.74179459  0.10628426E+01    1.451000  0.17530000E+01    1.451000
   19.87785149  0.10585786E+01    1.461000  0.17580000E+01    1.461000
   20.01390839  0.10543725E+01    1.471000  0.17630000E+01    1.471000
   20.14996338  0.10502233E+01    1.481000  0.17680000E+01    1.481000
   20.28602219  0.10461296E+01    1.491000  0.17730000E+01    1.491000
   20.42207909  0.10420906E+01    1.501000  0.17780000E+01    1.501000
   20.55813408  0.10381050E+01    1.511000  0.17830000E+01    1.511000
   20.69419098  0.10341719E+01    1.521000  0.17880000E+01    1.521000
   20.83024788  0.10302901E+01    1.531000  0.17930000E+01    1.531000
   20.96630287  0.10264587E+01    1.541000  0.17980000E+01    1.541000
   21.10235977  0.10226767E+01    1.551000  0.18030000E+01    1.551000
   21.23841667  0.10189431E+01    1.561000  0.18080000E+01    1.561000
   21.37447357  0.10152571E+01    1.571000  0.18130000E+01    1.571000
   21.51052856  0.10116177E+01    1.581000  0.18180000E+01    1.581000
   21.64658546  0.10080241E+01    1.591000  0.18230000E+01    1.591000
   21.78264236  0.10044754E+01    1.601000  0.18279999E+01    1.601000
   21.91869736  0.10009707E+01    1.611000  0.18329999E+01    1.611000
   22.05475616  0.99750923E+00    1.621000  0.18380001E+01    1.621000
   22.19081306  0.99409023E+00    1.631000  0.18430001E+01    1.631000
   22.32686806  0.99071290E+00    1.641000  0.18480000E+01    1.641000
   22.46292496  0.98737649E+00    1.651000  0.18530000E+01    1.651000
   22.59898186  0.98408025E+00    1.661000  0.18580000E+01    1.661000
   22.73503876  0.98082346E+00    1.671000  0.18630000E+01    1.671000
   22.87109375  0.97708205E+00    1.681000  0.18670000E+01    1.681000
   23.00715065  0.97390516E+00    1.691000  0.18720000E+01    1.691000
   23.14320755  0.97076563E+00    1.701000  0.18770000E+01    1.701000
   23.27926254  0.96766279E+00    1.711000  0.18820000E+01    1.711000
   23.41531944  0.96459602E+00    1.721000  0.18870000E+01    1.721000
   23.55137634  0.96156467E+00    1.731000  0.18920000E+01    1.731000
   23.68743324  0.95856809E+00    1.741000  0.18970000E+01    1.741000
   23.82349014  0.95510341E+00    1.751000  0.19010000E+01    1.751000
   23.95954704  0.95217761E+00    1.761000  0.19060000E+01    1.761000
   24.09560394  0.94928486E+00    1.771000  0.19110000E+01    1.771000
   24.23165894  0.94642459E+00    1.781000  0.19160000E+01    1.781000
   24.36771584  0.94310503E+00    1.791000  0.19200000E+01    1.791000
   24.50377274  0.94031084E+00    1.801000  0.19250000E+01    1.801000
   24.63982773  0.93754750E+00    1.811000  0.19299999E+01    1.811000
   24.77588463  0.93481451E+00    1.821000  0.19349999E+01    1.821000
   24.91194153  0.93163094E+00    1.831000  0.19390000E+01    1.831000
   25.04799843  0.92895978E+00    1.841000  0.19440000E+01    1.841000
   25.18405342  0.92584219E+00    1.851000  0.19480000E+01    1.851000
   25.32011032  0.92323084E+00    1.861000  0.19529999E+01    1.861000
   25.45616913  0.92017718E+00    1.871000  0.19570000E+01    1.871000
   25.59222412  0.91762372E+00    1.881000  0.19620000E+01    1.881000
   25.72828102  0.91463202E+00    1.891000  0.19660000E+01    1.891000
   25.86433792  0.91213459E+00    1.901000  0.19710000E+01    1.901000
   26.00039291  0.90920297E+00    1.911000  0.19750000E+01    1.911000
   26.13644981  0.90675980E+00    1.921000  0.19800000E+01    1.921000
   26.27250671  0.90388633E+00    1.931000  0.19840000E+01    1.931000
   26.40856171  0.90104252E+00    1.941000  0.19880000E+01    1.941000
   26.54461861  0.89867875E+00    1.951000  0.19930000E+01    1.951000
   26.68067551  0.89589045E+00    1.961000  0.19970000E+01    1.961000
   26.81673241  0.89313044E+00    1.971000  0.20009999E+01    1.971000
   26.95278740  0.89039840E+00    1.981000  0.20050001E+01    1.981000
   27.08884621  0.88813547E+00    1.991000  0.20100000E+01    1.991000
   27.22490120  0.88545565E+00    2.001000  0.20139999E+01    2.001000
   27.36095619  0.88280242E+00    2.011000  0.20179999E+01    2.011000
   27.49701309  0.88017556E+00    2.021000  0.20220001E+01    2.021000
   27.63306999  0.87757446E+00    2.031000  0.20260000E+01    2.031000
   27.76912689  0.87499885E+00    2.041000  0.20300000E+01    2.041000
   27.90518570  0.87244825E+00    2.051000  0.20339999E+01    2.051000
   28.04124260  0.86992261E+00    2.061000  0.20380001E+01    2.061000
   28.17729759  0.86742126E+00    2.071000  0.20420001E+01    2.071000
   28.31335449  0.86494394E+00    2.081000  0.20460000E+01    2.081000
   28.44941139  0.86249033E+00    2.091000  0.20500000E+01    2.091000
   28.58546829  0.86006006E+00    2.101000  0.20539999E+01    2.101000
   28.72152328  0.85765293E+00    2.111000  0.20580001E+01    2.111000
   28.85758018  0.85526839E+00    2.121000  0.20620000E+01    2.121000
   28.99363708  0.85290623E+00    2.131000  0.20660000E+01    2.131000
   29.12969208  0.85056614E+00    2.141000  0.20699999E+01    2.141000
   29.26574898  0.84783884E+00    2.151000  0.20730000E+01    2.151000
   29.40180588  0.84554386E+00    2.161000  0.20769999E+01    2.161000
   29.53786278  0.84327011E+00    2.171000  0.20810001E+01    2.171000
   29.67391777  0.84101711E+00    2.181000  0.20850000E+01    2.181000
   29.80997467  0.83838319E+00    2.191000  0.20880001E+01    2.191000
   29.94603157  0.83617287E+00    2.201000  0.20920000E+01    2.201000
   30.08208656  0.83398255E+00    2.211000  0.20960000E+01    2.211000
   30.21814346  0.83141588E+00    2.221000  0.20990000E+01    2.221000
   30.35420036  0.82926651E+00    2.231000  0.21029999E+01    2.231000
   30.49025726  0.82674379E+00    2.241000  0.21059999E+01    2.241000
   30.62631226  0.82463428E+00    2.251000  0.21099999E+01    2.251000
   30.76236916  0.82215436E+00    2.261000  0.21129999E+01    2.261000
   30.89842606  0.82008373E+00    2.271000  0.21170001E+01    2.271000
   31.03448105  0.81764541E+00    2.281000  0.21199999E+01    2.281000
   31.17053795  0.81561253E+00    2.291000  0.21240001E+01    2.291000
   31.30659866  0.81321485E+00    2.301000  0.21270001E+01    2.301000
   31.44265366  0.81083800E+00    2.311000  0.21300001E+01    2.311000
   31.57871056  0.80886063E+00    2.321000  0.21340001E+01    2.321000
   31.71476746  0.80652286E+00    2.331000  0.21370001E+01    2.331000
   31.85082245  0.80420505E+00    2.341000  0.21400001E+01    2.341000
   31.98687935  0.80228114E+00    2.351000  0.21440001E+01    2.351000
   32.12293625  0.80000093E+00    2.361000  0.21470001E+01    2.361000
   32.25899124  0.79773996E+00    2.371000  0.21500001E+01    2.371000
   32.39505005  0.79549798E+00    2.381000  0.21530001E+01    2.381000
   32.53110504  0.79327467E+00    2.391000  0.21559999E+01    2.391000
   32.66716003  0.79143643E+00    2.401000  0.21600001E+01    2.401000
   32.80321884  0.78924849E+00    2.411000  0.21630001E+01    2.411000
   32.93927383  0.78707854E+00    2.421000  0.21659999E+01    2.421000
   33.07532883  0.78492653E+00    2.431000  0.21689999E+01    2.431000
   33.21138763  0.78279215E+00    2.441000  0.21719999E+01    2.441000
   33.34744263  0.78067519E+00    2.451000  0.21750000E+01    2.451000
   33.48349762  0.77857543E+00    2.461000  0.21780000E+01    2.461000
   33.61955643  0.77649267E+00    2.471000  0.21810000E+01    2.471000
   33.75561142  0.77442669E+00    2.481000  0.21840000E+01    2.481000
   33.89167023  0.77237731E+00    2.491000  0.21870000E+01    2.491000
   34.02772522  0.77034431E+00    2.501000  0.21900001E+01    2.501000
   34.16378021  0.76832750E+00    2.511000  0.21930001E+01    2.511000
   34.29983902  0.76632670E+00    2.521000  0.21960001E+01    2.521000
   34.43589401  0.76434162E+00    2.531000  0.21989999E+01    2.531000
   34.57194901  0.76202606E+00    2.541000  0.22010000E+01    2.541000
   34.70801163  0.76007341E+00    2.551000  0.22040000E+01    2.551000
   34.84406662  0.75813609E+00    2.561000  0.22070000E+01    2.561000
   34.98012161  0.75621384E+00    2.571000  0.22100000E+01    2.571000
   35.11618042  0.75430648E+00    2.581000  0.22130001E+01    2.581000
   35.25223541  0.75207425E+00    2.591000  0.22149999E+01    2.591000
   35.38829041  0.75019747E+00    2.601000  0.22179999E+01    2.601000
   35.52434921  0.74833507E+00    2.611000  0.22210000E+01    2.611000
   35.66040421  0.74615126E+00    2.621000  0.22230000E+01    2.621000
   35.79645920  0.74431839E+00    2.631000  0.22260001E+01    2.631000
   35.93251801  0.74249941E+00    2.641000  0.22290001E+01    2.641000
   36.06857300  0.74036224E+00    2.651000  0.22309999E+01    2.651000
   36.20462799  0.73857179E+00    2.661000  0.22340000E+01    2.661000
   36.34068680  0.73679475E+00    2.671000  0.22370000E+01    2.671000
   36.47674179  0.73470285E+00    2.681000  0.22390001E+01    2.681000
   36.61279678  0.73295340E+00    2.691000  0.22420001E+01    2.691000
   36.74885559  0.73089114E+00    2.701000  0.22440000E+01    2.701000
   36.88491058  0.72916865E+00    2.711000  0.22470000E+01    2.711000
   37.02096939  0.72713553E+00    2.721000  0.22490001E+01    2.721000
   37.15702438  0.72543941E+00    2.731000  0.22520001E+01    2.731000
   37.29307938  0.72343465E+00    2.741000  0.22539999E+01    2.741000
   37.42913818  0.72176431E+00    2.751000  0.22570000E+01    2.751000
   37.56519318  0.71978747E+00    2.761000  0.22590001E+01    2.761000
   37.70124817  0.71782481E+00    2.771000  0.22609999E+01    2.771000
   37.83730698  0.71619266E+00    2.781000  0.22639999E+01    2.781000
   37.97336197  0.71425703E+00    2.791000  0.22660000E+01    2.791000
   38.10942078  0.71233508E+00    2.801000  0.22679999E+01    2.801000
   38.24547958  0.71073988E+00    2.811000  0.22709999E+01    2.811000
   38.38153458  0.70884416E+00    2.821000  0.22730000E+01    2.821000
   38.51758957  0.70696183E+00    2.831000  0.22750001E+01    2.831000
   38.65364838  0.70540239E+00    2.841000  0.22780001E+01    2.841000
   38.78970337  0.70354527E+00    2.851000  0.22800000E+01    2.851000
   38.92575836  0.70170120E+00    2.861000  0.22820001E+01    2.861000
   39.06181717  0.69986990E+00    2.871000  0.22839999E+01    2.871000
   39.19787216  0.69835673E+00    2.881000  0.22869999E+01    2.881000
   39.33392715  0.69654974E+00    2.891000  0.22890000E+01    2.891000
   39.46998596  0.69475514E+00    2.901000  0.22909999E+01    2.901000
   39.60604095  0.69297294E+00    2.911000  0.22930000E+01    2.911000
   39.74209976  0.69120294E+00    2.921000  0.22950001E+01    2.921000
   39.87815475  0.68974515E+00    2.931000  0.22980001E+01    2.931000
   40.01420975  0.68799810E+00    2.941000  0.23000000E+01    2.941000
   40.15026855  0.68626295E+00    2.951000  0.23020000E+01    2.951000
   40.28632355  0.68453945E+00    2.961000  0.23039999E+01    2.961000
   40.42237854  0.68282763E+00    2.971000  0.23060000E+01    2.971000
   40.55843735  0.68112729E+00    2.981000  0.23080001E+01    2.981000
   40.69449234  0.67943826E+00    2.991000  0.23099999E+01    2.991000
   40.83054733  0.67776054E+00    3.001000  0.23120000E+01    3.001000
   40.96660614  0.67609391E+00    3.011000  0.23139999E+01    3.011000
   41.10266113  0.67443837E+00    3.021000  0.23160000E+01    3.021000
   41.23871613  0.67279376E+00    3.031000  0.23180001E+01    3.031000
   41.37477493  0.67115990E+00    3.041000  0.23199999E+01    3.041000
   41.51083374  0.66953676E+00    3.051000  0.23220000E+01    3.051000
   41.64688873  0.66792421E+00    3.061000  0.23239999E+01    3.061000
   41.78294754  0.66632224E+00    3.071000  0.23260000E+01    3.071000
   41.91900253  0.66473066E+00    3.081000  0.23280001E+01    3.081000
   42.05505753  0.66314931E+00    3.091000  0.23299999E+01    3.091000
   42.19111633  0.66157823E+00    3.101000  0.23320000E+01    3.101000
   42.32717133  0.66001725E+00    3.111000  0.23340001E+01    3.111000
   42.46323013  0.65846620E+00    3.121000  0.23360000E+01    3.121000
   42.59928513  0.65664411E+00    3.131000  0.23369999E+01    3.131000
   42.73534012  0.65511374E+00    3.141000  0.23390000E+01    3.141000
   42.87139893  0.65359309E+00    3.151000  0.23410001E+01    3.151000
   43.00745392  0.65208200E+00    3.161000  0.23429999E+01    3.161000
   43.14350891  0.65058050E+00    3.171000  0.23450000E+01    3.171000
   43.27956772  0.64908837E+00    3.181000  0.23469999E+01    3.181000
   43.41562271  0.64732999E+00    3.191000  0.23480000E+01    3.191000
   43.55167770  0.64585735E+00    3.201000  0.23499999E+01    3.201000
   43.68773651  0.64439394E+00    3.211000  0.23520000E+01    3.211000
   43.82379150  0.64293962E+00    3.221000  0.23540001E+01    3.221000
   43.95984650  0.64149423E+00    3.231000  0.23559999E+01    3.231000
   44.09590530  0.63978641E+00    3.241000  0.23570001E+01    3.241000
   44.23196030  0.63835962E+00    3.251000  0.23590000E+01    3.251000
   44.36801529  0.63694164E+00    3.261000  0.23610001E+01    3.261000
   44.50407410  0.63526334E+00    3.271000  0.23620000E+01    3.271000
   44.64012909  0.63386344E+00    3.281000  0.23640001E+01    3.281000
   44.77618790  0.63247198E+00    3.291000  0.23659999E+01    3.291000
   44.91224670  0.63082249E+00    3.301000  0.23670001E+01    3.301000
   45.04830170  0.62944862E+00    3.311000  0.23690000E+01    3.311000
   45.18435669  0.62808310E+00    3.321000  0.23710001E+01    3.321000
   45.32041550  0.62646162E+00    3.331000  0.23720000E+01    3.331000
   45.45647049  0.62511320E+00    3.341000  0.23740001E+01    3.341000
   45.59252930  0.62377278E+00    3.351000  0.23759999E+01    3.351000
   45.72858429  0.62217866E+00    3.361000  0.23770001E+01    3.361000
   45.86463928  0.62085489E+00    3.371000  0.23789999E+01    3.371000
   46.00069809  0.61927883E+00    3.381000  0.23800001E+01    3.381000
   46.13675308  0.61797142E+00    3.391000  0.23820000E+01    3.391000
   46.27280807  0.61641304E+00    3.401000  0.23829999E+01    3.401000
   46.40886688  0.61512176E+00    3.411000  0.23850000E+01    3.411000
   46.54492188  0.61383803E+00    3.421000  0.23870001E+01    3.421000
   46.68097687  0.61230533E+00    3.431000  0.23880000E+01    3.431000
   46.81703568  0.61103724E+00    3.441000  0.23900001E+01    3.441000
   46.95309067  0.60952154E+00    3.451000  0.23910000E+01    3.451000
   47.08914566  0.60826876E+00    3.461000  0.23929999E+01    3.461000
   47.22520447  0.60676983E+00    3.471000  0.23940001E+01    3.471000
   47.36125946  0.60553216E+00    3.481000  0.23959999E+01    3.481000
   47.49731827  0.60404965E+00    3.491000  0.23970001E+01    3.491000
   47.63337326  0.60282682E+00    3.501000  0.23989999E+01    3.501000
   47.76942825  0.60136046E+00    3.511000  0.24000001E+01    3.511000
   47.90548706  0.59990238E+00    3.521000  0.24010000E+01    3.521000
   48.04154205  0.59870174E+00    3.531000  0.24030001E+01    3.531000
   48.17759705  0.59725939E+00    3.541000  0.24040000E+01    3.541000
   48.31365967  0.59607286E+00    3.551000  0.24059999E+01    3.551000
   48.44971466  0.59464606E+00    3.561000  0.24070001E+01    3.561000
   48.58576965  0.59322719E+00    3.571000  0.24080000E+01    3.571000
   48.72182846  0.59206196E+00    3.581000  0.24100001E+01    3.581000
   48.85788345  0.59065819E+00    3.591000  0.24110000E+01    3.591000
   48.99393845  0.58950656E+00    3.601000  0.24130001E+01    3.601000
   49.12999725  0.58811764E+00    3.611000  0.24140000E+01    3.611000
   49.26605225  0.58673640E+00    3.621000  0.24150000E+01    3.621000
   49.40210724  0.58560508E+00    3.631000  0.24170001E+01    3.631000
   49.53816605  0.58423832E+00    3.641000  0.24180000E+01    3.641000
   49.67422104  0.58287905E+00    3.651000  0.24189999E+01    3.651000
   49.81027603  0.58176755E+00    3.661000  0.24210000E+01    3.661000
   49.94633484  0.58042241E+00    3.671000  0.24219999E+01    3.671000
   50.08238983  0.57908464E+00    3.681000  0.24230001E+01    3.681000
   50.21844482  0.57799239E+00    3.691000  0.24250000E+01    3.691000
   50.35450363  0.57666842E+00    3.701000  0.24260001E+01    3.701000
   50.49055862  0.57535152E+00    3.711000  0.24270000E+01    3.711000
   50.62661743  0.57404170E+00    3.721000  0.24280000E+01    3.721000
   50.76267242  0.57297474E+00    3.731000  0.24300001E+01    3.731000
   50.89872742  0.57167827E+00    3.741000  0.24310000E+01    3.741000
   51.03478622  0.57038872E+00    3.751000  0.24319999E+01    3.751000
   51.17084122  0.56910609E+00    3.761000  0.24330001E+01    3.761000
   51.30689621  0.56806347E+00    3.771000  0.24349999E+01    3.771000
   51.44295502  0.56679377E+00    3.781000  0.24360001E+01    3.781000
   51.57901001  0.56553071E+00    3.791000  0.24370000E+01    3.791000
   51.71506882  0.56427426E+00    3.801000  0.24380000E+01    3.801000
   51.85112762  0.56325533E+00    3.811000  0.24400001E+01    3.811000
   51.98718262  0.56201144E+00    3.821000  0.24410000E+01    3.821000
   52.12323761  0.56077406E+00    3.831000  0.24419999E+01    3.831000
   52.25929642  0.55954317E+00    3.841000  0.24430001E+01    3.841000
   52.39535141  0.55831861E+00    3.851000  0.24440000E+01    3.851000
   52.53140640  0.55732830E+00    3.861000  0.24460001E+01    3.861000
   52.66746521  0.55611579E+00    3.871000  0.24470000E+01    3.871000
   52.80352020  0.55490954E+00    3.881000  0.24480000E+01    3.881000
   52.93957520  0.55370948E+00    3.891000  0.24489999E+01    3.891000
   53.07563400  0.55251563E+00    3.901000  0.24500000E+01    3.901000
   53.21168900  0.55132784E+00    3.911000  0.24510000E+01    3.911000
   53.34774780  0.55014610E+00    3.921000  0.24519999E+01    3.921000
   53.48380280  0.54919420E+00    3.931000  0.24540000E+01    3.931000
   53.61985779  0.54802388E+00    3.941000  0.24549999E+01    3.941000
   53.75591660  0.54685953E+00    3.951000  0.24560001E+01    3.951000
   53.89197159  0.54570100E+00    3.961000  0.24570000E+01    3.961000
   54.02802658  0.54454831E+00    3.971000  0.24579999E+01    3.971000
   54.16408539  0.54340147E+00    3.981000  0.24590001E+01    3.981000
   54.30014038  0.54226032E+00    3.991000  0.24600000E+01    3.991000
   54.43619537  0.54112487E+00    4.001000  0.24610000E+01    4.001000
   54.57225800  0.53999505E+00    4.011000  0.24619999E+01    4.011000
   54.70830917  0.53887097E+00    4.021000  0.24630001E+01    4.021000
   54.84436798  0.53775235E+00    4.031000  0.24640000E+01    4.031000
   54.98042297  0.53663933E+00    4.041000  0.24649999E+01    4.041000
   55.11648178  0.53553180E+00    4.051000  0.24660001E+01    4.051000
   55.25253677  0.53442973E+00    4.061000  0.24670000E+01    4.061000
   55.38859558  0.53333301E+00    4.071000  0.24679999E+01    4.071000
   55.52464676  0.53224178E+00    4.081000  0.24690001E+01    4.081000
   55.66070557  0.53137079E+00    4.091000  0.24710000E+01    4.091000
   55.79676056  0.53028962E+00    4.101000  0.24719999E+01    4.101000
   55.93281937  0.52921369E+00    4.111000  0.24730000E+01    4.111000
   56.06887436  0.52814300E+00    4.121000  0.24740000E+01    4.121000
   56.20493317  0.52707743E+00    4.131000  0.24749999E+01    4.131000
   56.34098434  0.52601711E+00    4.141000  0.24760001E+01    4.141000
   56.47704697  0.52496180E+00    4.151000  0.24770000E+01    4.151000
   56.61309814  0.52370021E+00    4.161000  0.24770000E+01    4.161000
   56.74915695  0.52265551E+00    4.171000  0.24779999E+01    4.171000
   56.88521576  0.52161585E+00    4.181000  0.24790001E+01    4.181000
   57.02127075  0.52058117E+00    4.191000  0.24800000E+01    4.191000
   57.15732956  0.51955136E+00    4.201000  0.24809999E+01    4.201000
   57.29338455  0.51852654E+00    4.211000  0.24820001E+01    4.211000
   57.42944336  0.51750647E+00    4.221000  0.24830000E+01    4.221000
   57.56549454  0.51649128E+00    4.231000  0.24840000E+01    4.231000
   57.70155716  0.51548083E+00    4.241000  0.24849999E+01    4.241000
   57.83760834  0.51447523E+00    4.251000  0.24860001E+01    4.251000
   57.97366714  0.51347424E+00    4.261000  0.24870000E+01    4.261000
   58.10972214  0.51247800E+00    4.271000  0.24879999E+01    4.271000
   58.24578094  0.51148641E+00    4.281000  0.24890001E+01    4.281000
   58.38183594  0.51049945E+00    4.291000  0.24900000E+01    4.291000
   58.51789474  0.50951702E+00    4.301000  0.24909999E+01    4.301000
   58.65394592  0.50853925E+00    4.311000  0.24920001E+01    4.311000
   58.79000473  0.50736232E+00    4.321000  0.24920001E+01    4.321000
   58.92605972  0.50639399E+00    4.331000  0.24930000E+01    4.331000
   59.06211853  0.50543007E+00    4.341000  0.24940000E+01    4.341000
   59.19817352  0.50447064E+00    4.351000  0.24949999E+01    4.351000
   59.33423233  0.50351560E+00    4.361000  0.24960001E+01    4.361000
   59.47028351  0.50256493E+00    4.371000  0.24970000E+01    4.371000
   59.60634613  0.50161855E+00    4.381000  0.24979999E+01    4.381000
   59.74239731  0.50067659E+00    4.391000  0.24990001E+01    4.391000
   59.87845612  0.49953892E+00    4.401000  0.24990001E+01    4.401000
   60.01451111  0.49860589E+00    4.411000  0.25000000E+01    4.411000
   60.15056992  0.49767703E+00    4.421000  0.25009999E+01    4.421000
   60.28662872  0.49675241E+00    4.431000  0.25020001E+01    4.431000
   60.42268372  0.49583196E+00    4.441000  0.25030000E+01    4.441000
   60.55874252  0.49491559E+00    4.451000  0.25039999E+01    4.451000
   60.69479370  0.49380619E+00    4.461000  0.25039999E+01    4.461000
   60.83085632  0.49289850E+00    4.471000  0.25050001E+01    4.471000
   60.96690750  0.49199486E+00    4.481000  0.25060000E+01    4.481000
   61.10296631  0.49109520E+00    4.491000  0.25070000E+01    4.491000
   61.23902130  0.49019959E+00    4.501000  0.25079999E+01    4.501000
   61.37508011  0.48930794E+00    4.511000  0.25090001E+01    4.511000
   61.51113510  0.48822566E+00    4.521000  0.25090001E+01    4.521000
   61.64719391  0.48734226E+00    4.531000  0.25100000E+01    4.531000
   61.78324509  0.48646280E+00    4.541000  0.25109999E+01    4.541000
   61.91930771  0.48558720E+00    4.551000  0.25120001E+01    4.551000
   62.05535889  0.48452258E+00    4.561000  0.25120001E+01    4.561000
   62.19141769  0.48365501E+00    4.571000  0.25130000E+01    4.571000
   62.32747269  0.48279128E+00    4.581000  0.25139999E+01    4.581000
   62.46353149  0.48193131E+00    4.591000  0.25150001E+01    4.591000
   62.59958267  0.48107507E+00    4.601000  0.25160000E+01    4.601000
   62.73564529  0.48003173E+00    4.611000  0.25160000E+01    4.611000
   62.87169647  0.47918332E+00    4.621000  0.25170000E+01    4.621000
   63.00775528  0.47833852E+00    4.631000  0.25179999E+01    4.631000
   63.14381027  0.47749745E+00    4.641000  0.25190001E+01    4.641000
   63.27986908  0.47647077E+00    4.651000  0.25190001E+01    4.651000
   63.41592407  0.47563728E+00    4.661000  0.25200000E+01    4.661000
   63.55198288  0.47480731E+00    4.671000  0.25209999E+01    4.671000
   63.68804169  0.47379295E+00    4.681000  0.25209999E+01    4.681000
   63.82409286  0.47297054E+00    4.691000  0.25220001E+01    4.691000
   63.96015549  0.47215154E+00    4.701000  0.25230000E+01    4.701000
   64.09620667  0.47133606E+00    4.711000  0.25239999E+01    4.711000
   64.23226929  0.47033766E+00    4.721000  0.25239999E+01    4.721000
   64.36831665  0.46952950E+00    4.731000  0.25250001E+01    4.731000
   64.50437927  0.46872467E+00    4.741000  0.25260000E+01    4.741000
   64.64043427  0.46792327E+00    4.751000  0.25270000E+01    4.751000
   64.77648926  0.46694042E+00    4.761000  0.25270000E+01    4.761000
   64.91254425  0.46614616E+00    4.771000  0.25280001E+01    4.771000
   65.04860687  0.46535514E+00    4.781000  0.25290000E+01    4.781000
   65.18466187  0.46438385E+00    4.791000  0.25290000E+01    4.791000
   65.32071686  0.46359979E+00    4.801000  0.25300000E+01    4.801000
   65.45677185  0.46281904E+00    4.811000  0.25309999E+01    4.811000
   65.59282684  0.46185901E+00    4.821000  0.25309999E+01    4.821000
   65.72888184  0.46108513E+00    4.831000  0.25320001E+01    4.831000
   65.86494446  0.46031437E+00    4.841000  0.25330000E+01    4.841000
   66.00099945  0.45936548E+00    4.851000  0.25330000E+01    4.851000
   66.13705444  0.45860143E+00    4.861000  0.25339999E+01    4.861000
   66.27310944  0.45784059E+00    4.871000  0.25350001E+01    4.871000
   66.40917206  0.45690257E+00    4.881000  0.25350001E+01    4.881000
   66.54521942  0.45614828E+00    4.891000  0.25360000E+01    4.891000
   66.68128204  0.45539702E+00    4.901000  0.25369999E+01    4.901000
   66.81733704  0.45446974E+00    4.911000  0.25369999E+01    4.911000
   66.95339203  0.45372499E+00    4.921000  0.25380001E+01    4.921000
   67.08945465  0.45298322E+00    4.931000  0.25390000E+01    4.931000
   67.22550964  0.45206646E+00    4.941000  0.25390000E+01    4.941000
   67.36156464  0.45133103E+00    4.951000  0.25400000E+01    4.951000
   67.49761963  0.45059862E+00    4.961000  0.25409999E+01    4.961000
   67.63368225  0.44969214E+00    4.971000  0.25409999E+01    4.971000
   67.76972961  0.44896600E+00    4.981000  0.25420001E+01    4.981000
   67.90579224  0.44806642E+00    4.991000  0.25420001E+01    4.991000
